1,1,121.50,336.17,135.59,57.42,0.8820,-1,-1,-1
1,2,733.05,268.89,73.65,36.55,0.8228,-1,-1,-1
1,3,225.62,251.79,79.73,39.63,0.7629,-1,-1,-1
2,1,99.97,339.24,141.34,57.51,0.8234,-1,-1,-1
2,2,722.49,269.79,72.37,36.52,0.7687,-1,-1,-1
2,3,222.32,252.46,81.85,39.32,0.7892,-1,-1,-1
3,1,77.96,341.86,144.63,59.37,0.8890,-1,-1,-1
3,2,709.16,272.26,75.33,36.12,0.7503,-1,-1,-1
3,3,218.76,252.72,85.74,39.32,0.8317,-1,-1,-1
4,1,52.21,345.73,146.67,60.58,0.8771,-1,-1,-1
4,2,694.71,274.03,76.45,37.02,0.8189,-1,-1,-1
4,3,215.14,252.70,90.10,39.66,0.8334,-1,-1,-1
5,1,24.80,349.39,149.69,61.98,0.8825,-1,-1,-1
5,2,680.23,275.89,76.99,37.31,0.8407,-1,-1,-1
5,3,214.96,252.45,89.66,39.91,0.8372,-1,-1,-1
6,1,1.81,352.44,148.91,63.89,0.8944,-1,-1,-1
6,2,666.47,277.11,78.10,38.70,0.8230,-1,-1,-1
6,3,215.24,252.42,89.87,40.37,0.8422,-1,-1,-1
7,1,0.00,356.94,128.84,64.90,0.8769,-1,-1,-1
7,2,651.31,278.80,79.73,39.87,0.8428,-1,-1,-1
7,3,213.79,252.69,91.17,40.26,0.8810,-1,-1,-1
7,9,376.31,251.56,13.41,13.58,0.2569,-1,-1,-1
8,1,0.00,360.35,105.25,67.70,0.8813,-1,-1,-1
8,2,636.61,280.47,81.52,40.81,0.7963,-1,-1,-1
8,3,212.73,252.92,92.03,40.15,0.8600,-1,-1,-1
9,1,0.00,364.40,80.43,61.78,0.8891,-1,-1,-1
9,2,621.89,282.35,83.24,41.37,0.8573,-1,-1,-1
9,3,209.24,252.93,94.77,40.18,0.8215,-1,-1,-1
9,9,375.78,252.04,14.38,14.44,0.2845,-1,-1,-1
10,1,0.00,368.45,53.92,58.88,0.8345,-1,-1,-1
10,2,605.92,284.58,84.27,41.70,0.7240,-1,-1,-1
10,3,208.48,252.93,94.55,40.25,0.8787,-1,-1,-1
11,1,0.00,369.19,28.48,60.29,0.5604,-1,-1,-1
11,2,590.82,287.25,85.94,41.87,0.7310,-1,-1,-1
11,3,208.59,253.31,94.85,39.95,0.8283,-1,-1,-1
11,9,374.90,252.77,15.64,14.60,0.2666,-1,-1,-1
12,2,575.29,288.99,87.59,42.48,0.6114,-1,-1,-1
12,3,208.24,253.28,95.85,39.98,0.7912,-1,-1,-1
13,2,560.04,290.82,88.05,41.61,0.6831,-1,-1,-1
13,3,208.40,253.29,95.56,40.11,0.8140,-1,-1,-1
14,3,208.59,253.40,95.42,39.95,0.8318,-1,-1,-1
15,2,527.48,294.06,90.80,46.39,0.5297,-1,-1,-1
15,3,208.77,253.42,95.22,39.80,0.8278,-1,-1,-1
16,2,509.73,301.87,92.58,41.35,0.3522,-1,-1,-1
16,3,208.26,253.56,95.17,39.85,0.8047,-1,-1,-1
17,2,493.33,305.92,95.41,40.48,0.5065,-1,-1,-1
17,3,208.18,253.56,94.70,39.95,0.8382,-1,-1,-1
18,2,475.68,306.62,96.79,42.52,0.7598,-1,-1,-1
18,3,206.78,253.38,95.55,39.85,0.8366,-1,-1,-1
19,2,458.98,307.60,83.68,45.51,0.5796,-1,-1,-1
19,3,206.51,253.36,95.94,39.92,0.8216,-1,-1,-1
20,2,441.94,307.31,90.88,49.30,0.8353,-1,-1,-1
20,3,206.82,253.50,95.65,39.76,0.8223,-1,-1,-1
21,2,424.84,309.40,96.89,50.85,0.8021,-1,-1,-1
21,3,207.49,253.45,96.07,39.94,0.8216,-1,-1,-1
22,2,406.44,313.49,102.03,50.76,0.8503,-1,-1,-1
22,3,208.10,253.66,95.04,39.79,0.8151,-1,-1,-1
23,2,387.36,315.85,105.91,52.49,0.8184,-1,-1,-1
23,3,207.56,253.67,95.54,39.73,0.7542,-1,-1,-1
24,2,369.18,318.77,107.65,53.62,0.8430,-1,-1,-1
24,3,207.77,253.74,95.61,39.68,0.8333,-1,-1,-1
25,2,350.00,321.26,109.77,55.32,0.8031,-1,-1,-1
25,3,208.43,253.72,94.67,39.74,0.7965,-1,-1,-1
26,2,330.48,324.26,111.27,56.36,0.8361,-1,-1,-1
26,3,207.69,253.71,95.58,39.80,0.7966,-1,-1,-1
27,2,309.70,328.68,114.32,56.05,0.8708,-1,-1,-1
27,3,207.13,253.61,95.37,39.89,0.7728,-1,-1,-1
28,2,289.22,333.00,116.67,56.00,0.8532,-1,-1,-1
28,3,207.31,253.64,95.06,39.89,0.7419,-1,-1,-1
29,2,266.62,336.44,120.00,57.32,0.8199,-1,-1,-1
29,3,207.02,253.49,95.62,39.93,0.7812,-1,-1,-1
30,2,245.57,339.48,122.94,58.61,0.8688,-1,-1,-1
30,3,207.21,253.48,95.62,39.84,0.8095,-1,-1,-1
31,2,223.08,342.91,127.11,59.96,0.8600,-1,-1,-1
31,3,206.97,253.26,95.69,39.90,0.8363,-1,-1,-1
32,2,200.82,346.61,129.29,61.44,0.8774,-1,-1,-1
32,3,206.87,253.37,96.25,39.83,0.8557,-1,-1,-1
33,2,177.61,349.93,133.99,63.17,0.8700,-1,-1,-1
33,3,207.28,253.33,95.55,39.82,0.8440,-1,-1,-1
34,2,153.00,353.81,137.35,64.21,0.8893,-1,-1,-1
34,3,207.65,253.19,94.95,39.99,0.8426,-1,-1,-1
35,2,129.06,357.44,142.72,66.26,0.8398,-1,-1,-1
35,3,208.14,253.28,94.74,39.96,0.8585,-1,-1,-1
36,2,102.79,361.92,147.47,67.72,0.9124,-1,-1,-1
36,3,208.43,253.47,95.24,39.77,0.8224,-1,-1,-1
37,2,76.67,367.24,150.74,67.95,0.8315,-1,-1,-1
37,3,208.87,253.50,94.90,39.85,0.8091,-1,-1,-1
38,2,49.22,371.41,154.67,69.88,0.9086,-1,-1,-1
38,3,208.53,253.41,95.28,39.90,0.8272,-1,-1,-1
38,12,375.37,252.32,14.48,17.23,0.3279,-1,-1,-1
39,2,20.15,374.67,160.97,72.62,0.9010,-1,-1,-1
39,3,208.64,253.32,95.14,39.97,0.8240,-1,-1,-1
39,12,375.18,252.42,14.39,17.23,0.3529,-1,-1,-1
40,2,0.00,380.03,156.37,73.56,0.8812,-1,-1,-1
40,3,208.85,253.36,95.12,39.90,0.8207,-1,-1,-1
40,12,375.60,252.46,14.41,16.64,0.3800,-1,-1,-1
41,2,0.00,384.85,131.42,75.86,0.8963,-1,-1,-1
41,3,208.31,253.23,95.09,40.06,0.8327,-1,-1,-1
41,12,375.39,252.25,14.68,15.15,0.3657,-1,-1,-1
42,2,0.00,387.56,106.34,80.40,0.8480,-1,-1,-1
42,3,208.51,253.06,94.41,39.86,0.8366,-1,-1,-1
42,12,375.39,252.08,14.69,14.33,0.2704,-1,-1,-1
43,2,0.00,392.51,80.63,73.15,0.8323,-1,-1,-1
43,3,208.06,253.09,95.58,39.67,0.8305,-1,-1,-1
44,2,0.00,400.08,52.69,65.04,0.7182,-1,-1,-1
44,3,208.52,253.16,95.35,39.66,0.8099,-1,-1,-1
44,12,375.77,251.84,14.12,14.14,0.2788,-1,-1,-1
45,3,209.10,253.13,94.97,39.82,0.7973,-1,-1,-1
45,12,376.01,251.81,14.11,15.47,0.3234,-1,-1,-1
46,3,208.83,253.25,94.90,39.78,0.8293,-1,-1,-1
47,3,208.90,252.92,94.56,40.01,0.8490,-1,-1,-1
47,12,375.30,252.03,14.28,13.68,0.3573,-1,-1,-1
48,3,208.87,252.86,93.96,40.21,0.8802,-1,-1,-1
49,3,208.38,252.90,94.93,40.16,0.8757,-1,-1,-1
49,12,375.73,252.29,14.29,13.27,0.2737,-1,-1,-1
50,3,207.26,252.55,95.42,40.54,0.8592,-1,-1,-1
50,12,375.49,252.31,13.95,13.76,0.2522,-1,-1,-1
51,3,206.91,252.27,95.92,40.60,0.8427,-1,-1,-1
51,12,374.72,252.00,15.14,14.10,0.3469,-1,-1,-1
52,3,206.81,252.47,95.87,40.42,0.8468,-1,-1,-1
52,12,374.78,252.38,14.69,13.39,0.3389,-1,-1,-1
53,3,207.96,252.64,94.89,40.38,0.7824,-1,-1,-1
53,12,374.71,252.45,15.10,13.46,0.3250,-1,-1,-1
54,3,208.21,253.06,94.50,39.99,0.7962,-1,-1,-1
54,12,375.26,252.24,14.50,13.28,0.2735,-1,-1,-1
55,3,208.91,253.30,94.25,39.92,0.8071,-1,-1,-1
55,15,937.64,227.98,22.21,60.06,0.2644,-1,-1,-1
56,3,208.54,253.60,95.00,39.65,0.8289,-1,-1,-1
56,12,374.96,252.77,15.25,14.38,0.3149,-1,-1,-1
56,15,933.29,225.63,26.53,64.02,0.3092,-1,-1,-1
57,3,208.95,253.66,94.64,39.57,0.7860,-1,-1,-1
57,12,375.72,253.00,14.50,14.85,0.2706,-1,-1,-1
57,15,927.92,224.65,31.76,66.79,0.3778,-1,-1,-1
58,3,209.13,253.69,95.01,39.87,0.8125,-1,-1,-1
58,12,375.64,253.49,14.58,13.81,0.2831,-1,-1,-1
58,15,922.63,225.90,37.03,67.46,0.5543,-1,-1,-1
59,3,208.84,253.78,94.35,40.00,0.7847,-1,-1,-1
59,12,374.70,253.68,15.36,12.69,0.3410,-1,-1,-1
59,15,917.35,225.58,42.32,69.88,0.5406,-1,-1,-1
60,3,208.98,254.08,93.59,39.77,0.8121,-1,-1,-1
60,12,374.54,253.95,15.27,13.64,0.2950,-1,-1,-1
60,15,911.41,225.80,48.27,71.08,0.5993,-1,-1,-1
61,3,209.12,254.13,94.14,39.75,0.7681,-1,-1,-1
61,15,905.38,227.44,54.34,69.16,0.6334,-1,-1,-1
62,3,208.56,254.90,94.44,39.30,0.7201,-1,-1,-1
62,15,902.11,225.73,57.68,72.48,0.6878,-1,-1,-1
63,3,207.39,255.66,96.03,38.87,0.7277,-1,-1,-1
63,15,896.93,227.32,62.89,71.85,0.8192,-1,-1,-1
64,3,206.89,255.86,95.83,39.13,0.7810,-1,-1,-1
64,15,890.70,227.27,69.03,73.86,0.4649,-1,-1,-1
65,3,206.76,256.24,95.97,39.12,0.6872,-1,-1,-1
65,12,375.07,254.60,15.01,15.23,0.2524,-1,-1,-1
65,15,884.53,228.51,75.19,74.85,0.7934,-1,-1,-1
66,3,207.34,256.73,95.64,38.94,0.7384,-1,-1,-1
66,15,878.00,229.90,81.72,75.25,0.8675,-1,-1,-1
67,3,207.62,256.27,95.77,39.45,0.7489,-1,-1,-1
67,15,871.56,230.30,88.21,76.91,0.7357,-1,-1,-1
68,3,207.58,256.51,95.68,39.06,0.7778,-1,-1,-1
68,15,865.75,231.49,93.97,77.38,0.8585,-1,-1,-1
69,3,208.32,256.89,94.67,39.03,0.7700,-1,-1,-1
69,15,860.69,232.32,98.99,77.64,0.8812,-1,-1,-1
70,3,208.66,257.04,94.04,39.07,0.7293,-1,-1,-1
70,15,852.66,231.27,107.15,80.10,0.8419,-1,-1,-1
71,3,209.28,256.39,93.43,39.81,0.7118,-1,-1,-1
71,15,846.10,231.92,113.65,81.28,0.8526,-1,-1,-1
72,3,209.34,257.10,94.53,39.53,0.7142,-1,-1,-1
72,15,837.64,232.55,122.05,82.19,0.8655,-1,-1,-1
73,3,209.65,256.81,93.38,40.04,0.7284,-1,-1,-1
73,15,831.21,231.74,128.42,84.53,0.8016,-1,-1,-1
74,3,209.40,257.67,94.19,39.20,0.7673,-1,-1,-1
74,15,825.19,232.62,134.42,85.44,0.8397,-1,-1,-1
75,3,209.52,258.07,95.31,39.03,0.7706,-1,-1,-1
75,15,818.83,232.35,140.77,87.94,0.7705,-1,-1,-1
76,3,208.95,257.99,94.38,38.92,0.7618,-1,-1,-1
76,15,811.83,234.90,147.79,87.24,0.7907,-1,-1,-1
77,3,209.28,258.38,94.65,38.83,0.7599,-1,-1,-1
77,15,804.77,235.02,154.83,88.83,0.7663,-1,-1,-1
78,3,209.31,258.21,94.77,38.92,0.7615,-1,-1,-1
78,15,796.79,235.06,162.84,90.08,0.8281,-1,-1,-1
79,3,209.38,258.28,94.24,38.86,0.7592,-1,-1,-1
79,15,789.53,235.64,169.09,91.24,0.8594,-1,-1,-1
80,3,207.79,257.81,94.81,38.97,0.7098,-1,-1,-1
80,15,780.04,235.61,176.50,94.54,0.8747,-1,-1,-1
80,19,762.30,259.59,30.54,29.55,0.4793,-1,-1,-1
81,3,207.35,257.70,94.99,39.02,0.7062,-1,-1,-1
81,15,771.00,236.73,178.42,94.65,0.8515,-1,-1,-1
81,19,754.79,259.22,31.53,30.52,0.5372,-1,-1,-1
82,3,207.95,257.68,94.26,38.95,0.7231,-1,-1,-1
82,15,762.79,236.84,181.96,96.57,0.7777,-1,-1,-1
82,19,744.97,259.77,31.88,30.39,0.5046,-1,-1,-1
83,3,207.61,257.34,94.74,39.22,0.7006,-1,-1,-1
83,15,753.99,237.78,185.85,98.07,0.8500,-1,-1,-1
83,19,733.77,260.75,33.00,30.83,0.4031,-1,-1,-1
84,3,207.93,257.23,94.30,39.10,0.7480,-1,-1,-1
84,15,744.54,239.23,189.45,99.21,0.8930,-1,-1,-1
84,19,721.92,261.91,35.27,31.33,0.4216,-1,-1,-1
85,3,207.38,257.12,94.43,38.94,0.7297,-1,-1,-1
85,15,735.54,240.70,191.25,99.01,0.8805,-1,-1,-1
85,19,710.14,262.70,36.61,30.55,0.4023,-1,-1,-1
86,3,207.39,257.19,94.75,38.90,0.7617,-1,-1,-1
86,15,726.15,240.96,194.55,99.97,0.8460,-1,-1,-1
86,19,699.16,263.16,45.25,30.29,0.3466,-1,-1,-1
87,3,207.97,257.60,94.41,38.41,0.7508,-1,-1,-1
87,15,716.82,241.19,197.66,102.55,0.8951,-1,-1,-1
87,19,688.73,263.93,45.10,30.52,0.5201,-1,-1,-1
88,3,207.76,257.07,94.56,38.88,0.7382,-1,-1,-1
88,15,707.08,242.17,199.12,104.24,0.9002,-1,-1,-1
88,19,677.04,265.22,47.42,30.20,0.4327,-1,-1,-1
89,3,207.05,256.75,94.89,38.88,0.7245,-1,-1,-1
89,15,697.08,242.88,202.24,106.17,0.8959,-1,-1,-1
89,19,665.42,265.55,46.46,31.13,0.4663,-1,-1,-1
90,3,207.07,256.43,94.78,39.19,0.8055,-1,-1,-1
90,15,686.41,243.57,206.01,107.87,0.9057,-1,-1,-1
90,19,654.25,267.70,45.52,30.66,0.2639,-1,-1,-1
91,3,207.19,255.95,95.59,39.52,0.7464,-1,-1,-1
91,12,374.49,255.10,15.59,15.57,0.2615,-1,-1,-1
91,15,676.42,244.60,208.26,109.49,0.9053,-1,-1,-1
92,3,207.44,255.87,96.07,39.48,0.7583,-1,-1,-1
92,15,665.16,245.71,213.42,110.18,0.9025,-1,-1,-1
93,3,207.39,255.77,95.97,39.61,0.7510,-1,-1,-1
93,15,654.55,247.49,216.50,110.97,0.8946,-1,-1,-1
94,3,207.07,255.47,95.79,39.71,0.7628,-1,-1,-1
94,15,643.41,247.15,220.58,115.51,0.8988,-1,-1,-1
94,19,604.90,267.21,53.01,35.77,0.3029,-1,-1,-1
95,3,206.57,255.55,98.63,39.66,0.7186,-1,-1,-1
95,15,632.98,246.89,223.34,118.83,0.9007,-1,-1,-1
95,19,592.41,266.64,69.69,36.49,0.6330,-1,-1,-1
96,3,207.03,255.53,96.77,39.37,0.7745,-1,-1,-1
96,12,374.24,254.76,15.90,15.78,0.2823,-1,-1,-1
96,15,621.74,246.98,226.94,121.31,0.8872,-1,-1,-1
96,19,579.75,267.47,76.88,35.05,0.7093,-1,-1,-1
97,3,207.91,255.40,95.98,39.46,0.7670,-1,-1,-1
97,12,374.04,254.57,16.09,16.01,0.2622,-1,-1,-1
97,15,610.24,247.72,230.16,123.27,0.9055,-1,-1,-1
97,19,567.25,268.14,80.25,33.69,0.6835,-1,-1,-1
98,3,206.15,255.36,100.59,39.51,0.7853,-1,-1,-1
98,15,598.13,249.17,232.59,124.79,0.8823,-1,-1,-1
98,19,555.01,269.03,85.70,33.60,0.7694,-1,-1,-1
99,3,207.34,255.67,97.26,39.53,0.7339,-1,-1,-1
99,15,585.95,249.00,236.25,128.78,0.8964,-1,-1,-1
99,19,546.17,269.54,83.28,33.68,0.6582,-1,-1,-1
100,3,207.21,254.93,98.40,39.99,0.7238,-1,-1,-1
100,15,572.09,249.43,242.41,131.49,0.8769,-1,-1,-1
100,19,530.24,270.04,89.16,33.94,0.4596,-1,-1,-1
101,3,206.70,254.59,97.53,39.77,0.6835,-1,-1,-1
101,15,558.15,249.65,247.80,134.83,0.8574,-1,-1,-1
101,19,515.63,270.97,90.72,34.50,0.6711,-1,-1,-1
102,3,207.27,254.56,95.40,39.85,0.6899,-1,-1,-1
102,15,541.97,250.37,254.89,136.61,0.8962,-1,-1,-1
102,19,499.67,271.75,95.28,34.41,0.4336,-1,-1,-1
103,3,207.22,255.16,94.36,39.58,0.7140,-1,-1,-1
103,15,528.76,252.63,259.01,136.71,0.8881,-1,-1,-1
103,19,486.40,270.51,86.94,36.31,0.4515,-1,-1,-1
103,23,487.03,270.25,49.58,36.87,0.2650,-1,-1,-1
104,3,207.48,255.10,94.08,39.97,0.7173,-1,-1,-1
104,15,518.84,252.87,260.44,140.84,0.8893,-1,-1,-1
104,19,472.74,270.94,94.36,37.18,0.7293,-1,-1,-1
104,23,475.44,270.58,61.44,37.50,0.7285,-1,-1,-1
105,3,207.44,255.01,94.08,40.18,0.7165,-1,-1,-1
105,15,504.18,254.36,266.13,143.26,0.8897,-1,-1,-1
105,19,459.26,272.34,85.65,36.76,0.7659,-1,-1,-1
106,3,207.07,254.62,91.84,40.23,0.6653,-1,-1,-1
106,15,489.83,254.76,270.56,146.89,0.9120,-1,-1,-1
106,19,444.28,272.68,91.58,37.10,0.8570,-1,-1,-1
106,25,686.55,253.09,70.96,17.14,0.3321,-1,-1,-1
107,3,207.32,254.56,93.33,40.16,0.6065,-1,-1,-1
107,15,475.37,254.04,277.30,151.25,0.8445,-1,-1,-1
107,19,430.37,273.69,100.95,36.84,0.8593,-1,-1,-1
108,3,207.08,254.78,94.17,40.13,0.6513,-1,-1,-1
108,12,373.76,254.39,17.37,14.96,0.3012,-1,-1,-1
108,15,458.92,254.62,284.17,154.40,0.9083,-1,-1,-1
108,19,416.37,274.25,104.11,37.23,0.8607,-1,-1,-1
108,27,0.01,280.94,21.72,20.42,0.3705,-1,-1,-1
109,3,207.95,254.91,93.99,40.03,0.7459,-1,-1,-1
109,15,442.60,254.38,290.33,159.44,0.9079,-1,-1,-1
109,19,402.05,275.39,106.81,37.76,0.8334,-1,-1,-1
109,27,0.20,281.41,20.44,19.84,0.2565,-1,-1,-1
109,28,933.81,214.86,26.01,54.35,0.3703,-1,-1,-1
110,3,207.04,254.56,94.80,40.01,0.7524,-1,-1,-1
110,12,373.12,254.61,17.77,15.42,0.2612,-1,-1,-1
110,15,427.40,256.35,296.42,161.43,0.9095,-1,-1,-1
110,19,387.66,276.82,108.76,37.19,0.8383,-1,-1,-1
110,28,928.88,214.73,30.95,55.02,0.3921,-1,-1,-1
110,30,928.19,213.65,31.59,56.01,0.4073,-1,-1,-1
111,3,205.90,254.66,95.79,39.94,0.7149,-1,-1,-1
111,15,407.33,257.12,305.98,164.91,0.9180,-1,-1,-1
111,19,374.38,277.79,107.84,37.87,0.8246,-1,-1,-1
111,28,923.58,213.90,36.23,56.31,0.4661,-1,-1,-1
112,3,206.77,254.68,95.49,40.05,0.6976,-1,-1,-1
112,15,384.19,258.25,318.04,169.49,0.9184,-1,-1,-1
112,19,359.81,278.59,108.75,37.82,0.8311,-1,-1,-1
112,27,0.01,281.25,20.94,20.22,0.3032,-1,-1,-1
112,28,918.07,213.79,41.74,56.58,0.5359,-1,-1,-1
113,3,207.31,254.87,94.71,39.76,0.6532,-1,-1,-1
113,15,365.01,264.75,328.69,166.90,0.8922,-1,-1,-1
113,19,344.85,278.26,109.19,39.30,0.7198,-1,-1,-1
113,28,913.56,214.69,46.20,56.10,0.4898,-1,-1,-1
113,32,592.68,257.36,87.60,23.62,0.3377,-1,-1,-1
114,3,207.90,254.87,94.35,39.96,0.7429,-1,-1,-1
114,15,343.86,269.53,339.91,166.12,0.9188,-1,-1,-1
114,19,329.91,277.99,110.52,42.55,0.7852,-1,-1,-1
114,27,0.00,281.62,20.71,19.84,0.3750,-1,-1,-1
114,28,908.66,214.63,51.14,57.04,0.7411,-1,-1,-1
114,32,589.01,257.47,78.23,22.61,0.4299,-1,-1,-1
115,3,207.40,255.06,94.23,39.62,0.7317,-1,-1,-1
115,15,324.62,266.84,347.39,175.13,0.8615,-1,-1,-1
115,19,315.14,279.90,111.43,38.68,0.7590,-1,-1,-1
115,27,0.00,281.55,20.83,19.79,0.2677,-1,-1,-1
115,28,904.46,214.86,55.25,57.20,0.5531,-1,-1,-1
115,32,563.50,258.59,90.91,23.97,0.4047,-1,-1,-1
116,3,208.20,255.37,94.27,39.63,0.7353,-1,-1,-1
116,15,305.46,272.79,353.77,174.05,0.8329,-1,-1,-1
116,19,299.96,281.17,112.16,35.94,0.6996,-1,-1,-1
116,28,899.97,215.21,59.68,57.36,0.6516,-1,-1,-1
116,32,548.49,259.74,93.37,24.09,0.2857,-1,-1,-1
117,3,208.26,255.25,93.42,39.01,0.7240,-1,-1,-1
117,15,287.79,277.35,359.56,173.94,0.8359,-1,-1,-1
117,19,283.62,280.59,114.11,36.72,0.7074,-1,-1,-1
117,27,0.07,281.21,20.42,20.15,0.2819,-1,-1,-1
117,28,895.80,215.25,63.95,57.81,0.6819,-1,-1,-1
117,32,545.05,260.64,82.12,26.40,0.4044,-1,-1,-1
118,3,208.06,255.43,94.10,38.47,0.7435,-1,-1,-1
118,15,266.42,282.11,369.70,174.63,0.8067,-1,-1,-1
118,19,268.55,281.12,114.15,37.58,0.8240,-1,-1,-1
118,28,889.85,216.35,69.91,58.01,0.6738,-1,-1,-1
118,32,543.73,261.38,71.94,26.05,0.5709,-1,-1,-1
119,3,208.21,255.80,93.57,37.96,0.7330,-1,-1,-1
119,15,250.52,280.04,372.52,181.48,0.7401,-1,-1,-1
119,19,252.53,282.01,115.38,38.47,0.7853,-1,-1,-1
119,28,883.41,217.52,76.23,57.49,0.8083,-1,-1,-1
119,32,542.90,262.31,58.69,25.76,0.5241,-1,-1,-1
120,3,207.86,256.07,94.67,37.39,0.7372,-1,-1,-1
120,15,226.63,279.84,384.40,187.54,0.7677,-1,-1,-1
120,19,236.72,284.57,115.90,37.89,0.8749,-1,-1,-1
120,28,878.87,218.02,77.48,57.53,0.8230,-1,-1,-1
120,32,542.32,263.99,46.05,26.29,0.4491,-1,-1,-1
121,3,207.17,255.86,94.35,36.87,0.7548,-1,-1,-1
121,15,210.93,284.17,389.43,189.48,0.8725,-1,-1,-1
121,19,219.35,285.65,118.39,38.70,0.8585,-1,-1,-1
121,28,874.17,218.32,78.45,57.83,0.6651,-1,-1,-1
121,36,467.44,264.16,109.61,34.23,0.4773,-1,-1,-1
122,3,207.29,255.53,95.02,36.07,0.7642,-1,-1,-1
122,15,188.56,290.12,399.61,192.16,0.8209,-1,-1,-1
122,19,203.51,285.95,119.55,41.61,0.8465,-1,-1,-1
122,28,868.02,218.50,80.43,58.22,0.7956,-1,-1,-1
122,36,454.02,264.83,95.22,36.10,0.7485,-1,-1,-1
123,3,207.29,255.46,95.81,37.01,0.7598,-1,-1,-1
123,15,163.70,294.33,411.49,196.01,0.8004,-1,-1,-1
123,19,187.04,286.33,119.32,43.05,0.8623,-1,-1,-1
123,28,861.46,218.72,81.77,58.54,0.8030,-1,-1,-1
123,36,438.16,265.22,100.18,39.06,0.8822,-1,-1,-1
124,3,207.65,256.03,95.72,38.53,0.7975,-1,-1,-1
124,15,143.37,297.51,418.47,200.23,0.7719,-1,-1,-1
124,19,169.96,287.57,122.25,43.14,0.8542,-1,-1,-1
124,28,856.44,218.93,81.28,59.20,0.7732,-1,-1,-1
124,36,423.02,265.81,108.88,40.93,0.8724,-1,-1,-1
125,3,206.14,256.16,97.27,39.79,0.6752,-1,-1,-1
125,15,118.99,299.25,427.94,204.70,0.8141,-1,-1,-1
125,19,152.73,290.05,122.40,42.75,0.8222,-1,-1,-1
125,28,851.63,218.97,81.41,59.74,0.7492,-1,-1,-1
125,36,408.47,266.61,112.60,42.58,0.9004,-1,-1,-1
126,3,206.87,256.13,96.01,40.29,0.7400,-1,-1,-1
126,15,84.68,300.18,448.09,211.77,0.7972,-1,-1,-1
126,19,134.91,291.25,123.47,43.66,0.8541,-1,-1,-1
126,28,843.86,218.86,84.23,61.06,0.8079,-1,-1,-1
126,36,394.11,267.45,113.05,43.39,0.9038,-1,-1,-1
127,3,208.52,255.77,94.05,40.39,0.6256,-1,-1,-1
127,15,63.37,301.64,457.82,216.34,0.8578,-1,-1,-1
127,19,117.01,292.68,124.90,45.11,0.8637,-1,-1,-1
127,28,837.63,218.77,85.81,61.82,0.7335,-1,-1,-1
127,36,378.45,268.06,116.48,45.44,0.9014,-1,-1,-1
128,3,208.33,256.10,94.64,40.23,0.7498,-1,-1,-1
128,15,28.68,303.93,487.40,224.44,0.8540,-1,-1,-1
128,19,99.18,294.15,126.02,45.93,0.8859,-1,-1,-1
128,28,832.03,219.13,86.29,61.72,0.7531,-1,-1,-1
128,36,363.72,268.11,116.92,48.11,0.8435,-1,-1,-1
129,3,208.11,256.60,94.64,40.03,0.6490,-1,-1,-1
129,15,4.13,306.85,491.55,230.00,0.8754,-1,-1,-1
129,19,81.41,295.79,127.21,46.30,0.8727,-1,-1,-1
129,28,825.88,219.34,87.13,62.16,0.6976,-1,-1,-1
129,36,347.93,269.01,118.98,49.01,0.8757,-1,-1,-1
130,3,215.82,256.42,86.40,39.83,0.3801,-1,-1,-1
130,15,0.00,311.32,476.87,228.68,0.8554,-1,-1,-1
130,19,62.44,297.29,127.56,46.63,0.8510,-1,-1,-1
130,28,819.35,219.93,87.60,62.62,0.8031,-1,-1,-1
130,36,331.37,270.09,123.30,49.53,0.8671,-1,-1,-1
131,3,229.08,256.27,73.57,40.33,0.5887,-1,-1,-1
131,15,0.00,313.91,455.89,226.09,0.9005,-1,-1,-1
131,19,43.43,299.46,130.40,46.30,0.8565,-1,-1,-1
131,28,814.53,220.32,86.99,63.13,0.8015,-1,-1,-1
131,36,317.09,270.98,123.17,50.56,0.8504,-1,-1,-1
132,3,234.29,256.33,67.85,39.85,0.6353,-1,-1,-1
132,15,0.00,318.14,440.78,221.86,0.8947,-1,-1,-1
132,19,24.08,301.70,132.00,45.77,0.8591,-1,-1,-1
132,28,807.15,220.94,89.26,63.03,0.7996,-1,-1,-1
132,36,301.70,271.89,123.37,50.60,0.8522,-1,-1,-1
133,3,229.98,256.57,72.02,39.54,0.6343,-1,-1,-1
133,15,0.00,321.93,424.85,218.07,0.8976,-1,-1,-1
133,19,4.91,303.08,133.49,46.60,0.8609,-1,-1,-1
133,28,800.31,221.32,90.41,63.48,0.7488,-1,-1,-1
133,36,286.70,272.70,123.18,51.13,0.8307,-1,-1,-1
134,3,218.12,256.90,83.56,39.71,0.6089,-1,-1,-1
134,15,0.00,324.91,408.88,215.09,0.8816,-1,-1,-1
134,19,0.00,304.18,120.24,47.90,0.8904,-1,-1,-1
134,28,794.30,222.04,90.10,63.80,0.7643,-1,-1,-1
134,36,270.97,273.93,123.66,51.27,0.8254,-1,-1,-1
134,40,494.65,212.87,99.94,61.49,0.3326,-1,-1,-1
135,3,222.47,257.33,79.24,38.05,0.6709,-1,-1,-1
135,15,0.00,327.95,388.76,212.05,0.9055,-1,-1,-1
135,19,0.00,305.22,102.51,49.25,0.8653,-1,-1,-1
135,28,785.91,222.78,92.35,63.52,0.8212,-1,-1,-1
135,36,254.54,275.80,125.75,48.99,0.8691,-1,-1,-1
136,3,226.40,256.89,75.41,37.28,0.6817,-1,-1,-1
136,15,0.00,330.71,370.57,209.29,0.8955,-1,-1,-1
136,19,0.00,303.78,84.16,52.06,0.8499,-1,-1,-1
136,28,778.77,223.19,93.36,63.96,0.7250,-1,-1,-1
136,36,238.22,277.17,126.62,48.58,0.8837,-1,-1,-1
136,40,495.23,213.53,98.24,60.12,0.2727,-1,-1,-1
137,3,224.55,256.51,77.67,37.20,0.5411,-1,-1,-1
137,15,0.00,334.70,352.77,205.30,0.9328,-1,-1,-1
137,19,0.00,305.85,65.37,49.43,0.8485,-1,-1,-1
137,28,770.44,223.60,95.71,64.71,0.8359,-1,-1,-1
137,36,221.96,277.77,127.36,48.26,0.8955,-1,-1,-1
137,40,500.68,215.77,93.37,57.30,0.2525,-1,-1,-1
138,3,219.22,255.78,82.12,39.50,0.5961,-1,-1,-1
138,15,0.00,339.97,333.02,200.03,0.9223,-1,-1,-1
138,19,0.00,309.77,47.26,45.47,0.7556,-1,-1,-1
138,28,763.80,223.90,96.46,65.27,0.6900,-1,-1,-1
138,36,204.35,278.59,129.91,49.10,0.8583,-1,-1,-1
138,41,709.09,503.54,135.47,36.46,0.3047,-1,-1,-1
139,3,220.33,255.77,82.56,35.92,0.5280,-1,-1,-1
139,15,0.00,343.05,313.93,196.95,0.9381,-1,-1,-1
139,19,0.00,314.34,27.63,41.41,0.4982,-1,-1,-1
139,28,756.41,224.26,97.15,65.37,0.8113,-1,-1,-1
139,36,188.38,278.04,130.86,52.55,0.8019,-1,-1,-1
139,41,714.21,498.48,138.38,41.52,0.5374,-1,-1,-1
139,42,225.98,256.17,75.97,26.64,0.3730,-1,-1,-1
140,3,220.18,255.78,82.85,33.30,0.6789,-1,-1,-1
140,12,374.74,255.74,15.10,15.65,0.2500,-1,-1,-1
140,15,0.00,346.36,292.98,193.64,0.9046,-1,-1,-1
140,28,749.59,225.18,97.19,65.18,0.8775,-1,-1,-1
140,36,171.59,279.73,131.10,52.95,0.8592,-1,-1,-1
140,41,719.86,493.72,141.13,46.28,0.6753,-1,-1,-1
141,3,218.67,256.38,84.27,37.66,0.7528,-1,-1,-1
141,15,0.00,350.04,272.15,189.96,0.8899,-1,-1,-1
141,28,741.69,225.92,98.85,65.08,0.8604,-1,-1,-1
141,36,154.03,281.48,134.12,53.28,0.8937,-1,-1,-1
141,41,730.60,487.35,138.97,52.65,0.8382,-1,-1,-1
142,3,215.83,257.02,87.78,38.90,0.6506,-1,-1,-1
142,15,0.00,354.83,250.00,184.94,0.9091,-1,-1,-1
142,28,734.65,226.14,98.97,65.67,0.7437,-1,-1,-1
142,36,136.70,283.29,135.01,53.66,0.9140,-1,-1,-1
142,41,740.79,481.52,137.39,58.48,0.8310,-1,-1,-1
143,3,213.16,257.41,90.66,39.22,0.7299,-1,-1,-1
143,15,0.00,358.10,229.37,181.90,0.8945,-1,-1,-1
143,28,725.55,227.34,102.05,65.30,0.8608,-1,-1,-1
143,36,118.88,283.98,136.59,55.24,0.9006,-1,-1,-1
143,41,753.34,476.56,133.37,63.44,0.8489,-1,-1,-1
144,3,211.12,257.66,92.51,39.29,0.7367,-1,-1,-1
144,15,0.00,362.98,205.60,177.02,0.8846,-1,-1,-1
144,28,717.72,227.91,103.08,65.12,0.8541,-1,-1,-1
144,36,101.54,284.90,137.67,56.29,0.8920,-1,-1,-1
144,41,764.31,471.14,130.10,68.86,0.8693,-1,-1,-1
145,3,208.18,257.58,95.06,39.36,0.7641,-1,-1,-1
145,15,0.00,366.49,181.73,173.51,0.8462,-1,-1,-1
145,28,709.44,228.17,104.29,65.46,0.7643,-1,-1,-1
145,36,83.01,285.65,139.37,57.03,0.8672,-1,-1,-1
145,41,774.73,466.18,127.34,73.82,0.8572,-1,-1,-1
146,3,205.53,257.45,98.30,39.57,0.7237,-1,-1,-1
146,15,0.00,369.81,159.03,170.19,0.5896,-1,-1,-1
146,28,701.00,227.97,106.01,66.34,0.8410,-1,-1,-1
146,36,65.34,285.67,141.44,59.23,0.8656,-1,-1,-1
146,41,784.89,461.14,125.06,78.86,0.8719,-1,-1,-1
147,3,206.38,257.62,96.75,39.36,0.7854,-1,-1,-1
147,15,0.00,373.34,133.15,166.66,0.6998,-1,-1,-1
147,28,693.37,228.26,107.75,66.30,0.7797,-1,-1,-1
147,36,46.52,286.79,143.03,59.54,0.8967,-1,-1,-1
147,41,794.41,456.37,122.86,82.53,0.8800,-1,-1,-1
148,3,207.97,257.84,95.09,39.27,0.8253,-1,-1,-1
148,15,0.00,378.25,103.94,161.75,0.3422,-1,-1,-1
148,28,684.76,228.75,108.84,66.69,0.8323,-1,-1,-1
148,36,28.97,287.54,144.16,60.59,0.9090,-1,-1,-1
148,41,804.67,451.39,119.56,85.99,0.8569,-1,-1,-1
149,3,209.21,257.91,95.13,39.14,0.8305,-1,-1,-1
149,15,0.00,385.32,79.63,152.19,0.3521,-1,-1,-1
149,28,676.33,228.59,108.54,67.77,0.8336,-1,-1,-1
149,36,10.25,288.73,146.39,61.54,0.9148,-1,-1,-1
149,41,813.74,447.09,117.76,86.78,0.8619,-1,-1,-1
150,3,209.39,258.05,95.40,39.21,0.8437,-1,-1,-1
150,28,668.46,228.70,108.10,68.38,0.8506,-1,-1,-1
150,36,0.00,290.38,139.85,61.93,0.9115,-1,-1,-1
150,41,822.72,442.99,115.20,85.62,0.9213,-1,-1,-1
151,3,209.38,257.81,94.44,39.37,0.7968,-1,-1,-1
151,28,658.79,229.30,109.45,68.63,0.8710,-1,-1,-1
151,36,0.00,292.12,120.88,62.23,0.9274,-1,-1,-1
151,41,829.75,438.72,113.73,84.98,0.9056,-1,-1,-1
152,3,209.18,257.60,94.09,39.71,0.7098,-1,-1,-1
152,28,648.97,230.02,111.55,68.38,0.8502,-1,-1,-1
152,36,0.00,293.77,102.99,62.19,0.8763,-1,-1,-1
152,41,838.23,434.56,111.44,82.77,0.8203,-1,-1,-1
153,3,208.70,257.78,95.40,39.48,0.8212,-1,-1,-1
153,28,640.22,230.20,112.75,68.87,0.8573,-1,-1,-1
153,36,0.00,295.21,85.45,59.73,0.8525,-1,-1,-1
153,41,846.52,430.85,108.37,81.21,0.8458,-1,-1,-1
154,3,209.01,257.91,95.36,39.42,0.7797,-1,-1,-1
154,28,630.71,230.34,114.15,69.37,0.7358,-1,-1,-1
154,36,0.00,297.01,68.37,57.52,0.8423,-1,-1,-1
154,41,854.12,426.26,105.88,80.26,0.8670,-1,-1,-1
155,3,209.14,258.27,95.61,39.38,0.8448,-1,-1,-1
155,28,621.15,231.12,115.34,68.95,0.8580,-1,-1,-1
155,36,0.00,299.22,49.69,56.04,0.8417,-1,-1,-1
155,41,861.13,422.58,98.87,77.99,0.8860,-1,-1,-1
156,3,209.24,258.39,95.89,39.49,0.7712,-1,-1,-1
156,28,610.62,231.34,117.69,69.47,0.8210,-1,-1,-1
156,36,0.00,301.41,30.94,54.94,0.6236,-1,-1,-1
156,41,869.07,418.98,90.93,76.61,0.8642,-1,-1,-1
157,3,209.26,258.51,95.47,39.52,0.8113,-1,-1,-1
157,28,600.86,231.78,118.57,69.82,0.8784,-1,-1,-1
157,41,875.81,415.55,84.19,75.95,0.8531,-1,-1,-1
158,3,209.22,258.71,96.23,39.72,0.8001,-1,-1,-1
158,28,592.14,232.39,117.95,70.58,0.8949,-1,-1,-1
158,41,882.59,411.29,77.41,75.32,0.8880,-1,-1,-1
159,3,209.12,258.79,95.50,39.20,0.8068,-1,-1,-1
159,28,581.90,232.67,119.27,71.51,0.7984,-1,-1,-1
159,41,888.70,408.40,71.30,73.14,0.8819,-1,-1,-1
160,3,209.13,258.70,94.75,39.26,0.8060,-1,-1,-1
160,28,569.82,232.95,121.89,72.24,0.5624,-1,-1,-1
160,41,895.17,404.79,64.83,70.66,0.8553,-1,-1,-1
161,3,209.49,258.70,94.83,39.27,0.8349,-1,-1,-1
161,28,557.93,233.03,124.86,72.91,0.6332,-1,-1,-1
161,41,901.11,400.72,58.89,69.27,0.8627,-1,-1,-1
162,3,209.50,258.89,94.63,39.09,0.8434,-1,-1,-1
162,28,548.98,233.31,124.13,73.15,0.6122,-1,-1,-1
162,41,907.17,398.48,52.83,66.52,0.8671,-1,-1,-1
163,3,209.67,258.88,94.36,39.29,0.8459,-1,-1,-1
163,28,541.79,233.82,122.19,73.61,0.5975,-1,-1,-1
163,41,913.59,395.39,46.41,65.33,0.8293,-1,-1,-1
164,3,208.99,258.92,94.93,39.32,0.8203,-1,-1,-1
164,28,529.17,234.20,124.67,73.93,0.3345,-1,-1,-1
164,41,918.01,392.57,41.99,65.01,0.8626,-1,-1,-1
164,47,1.81,285.63,19.14,19.37,0.2818,-1,-1,-1
165,3,209.07,259.08,94.27,39.29,0.8510,-1,-1,-1
165,28,516.67,234.20,127.13,73.82,0.4634,-1,-1,-1
165,41,924.30,388.79,35.70,64.88,0.8268,-1,-1,-1
165,48,515.72,230.37,129.28,78.12,0.4029,-1,-1,-1
166,3,208.99,259.04,94.27,39.65,0.8443,-1,-1,-1
166,28,504.79,227.63,128.69,82.04,0.3599,-1,-1,-1
166,41,929.92,385.87,29.97,64.21,0.8015,-1,-1,-1
167,3,208.40,258.98,94.57,39.35,0.8085,-1,-1,-1
167,41,934.60,382.37,25.32,64.04,0.7615,-1,-1,-1
168,3,206.88,258.87,95.91,39.30,0.7762,-1,-1,-1
168,28,483.02,231.50,135.16,79.52,0.6047,-1,-1,-1
168,41,940.44,379.88,19.42,62.19,0.7471,-1,-1,-1
169,3,208.19,258.93,94.60,39.46,0.8285,-1,-1,-1
169,28,472.97,233.91,131.99,77.97,0.5050,-1,-1,-1
169,41,945.17,381.32,14.64,56.68,0.5691,-1,-1,-1
170,3,208.32,259.37,94.47,38.86,0.7835,-1,-1,-1
170,28,461.78,228.80,132.12,83.94,0.6913,-1,-1,-1
170,41,950.60,385.78,9.20,49.30,0.4613,-1,-1,-1
171,3,208.01,259.49,94.47,38.49,0.7598,-1,-1,-1
171,28,449.70,225.60,137.56,88.26,0.4701,-1,-1,-1
172,3,207.77,259.07,95.56,38.92,0.7503,-1,-1,-1
172,28,438.00,230.96,136.03,83.24,0.5614,-1,-1,-1
173,3,207.81,259.12,94.65,38.65,0.7900,-1,-1,-1
173,28,426.15,235.63,135.08,79.08,0.7087,-1,-1,-1
174,3,207.70,259.27,94.64,38.63,0.7963,-1,-1,-1
174,28,414.94,237.95,141.33,77.59,0.7088,-1,-1,-1
175,3,208.21,258.87,93.92,39.19,0.8117,-1,-1,-1
175,28,402.97,239.45,150.62,76.99,0.5085,-1,-1,-1
176,3,207.55,258.53,94.54,39.27,0.8169,-1,-1,-1
176,28,391.53,239.80,143.41,77.03,0.7115,-1,-1,-1
177,3,207.98,258.54,94.57,39.20,0.8222,-1,-1,-1
177,28,382.10,239.94,137.41,78.01,0.8693,-1,-1,-1
178,3,208.29,258.62,93.79,39.06,0.8405,-1,-1,-1
178,28,369.19,240.28,138.89,78.12,0.7968,-1,-1,-1
179,3,207.98,258.40,94.64,39.14,0.7671,-1,-1,-1
179,28,357.25,240.98,138.53,78.37,0.7978,-1,-1,-1
180,3,207.15,258.15,94.93,38.95,0.7272,-1,-1,-1
180,28,345.30,241.21,138.13,77.65,0.8311,-1,-1,-1
181,3,207.14,257.92,94.12,38.97,0.7332,-1,-1,-1
181,28,334.09,241.18,138.81,75.95,0.7182,-1,-1,-1
182,3,206.74,257.45,94.64,39.30,0.7094,-1,-1,-1
182,28,322.23,240.28,140.46,76.79,0.7573,-1,-1,-1
183,3,207.71,257.48,94.11,39.15,0.7643,-1,-1,-1
183,28,310.36,240.64,141.77,76.07,0.8511,-1,-1,-1
184,3,208.97,257.71,94.19,39.03,0.8319,-1,-1,-1
184,28,298.57,240.91,143.05,76.64,0.8285,-1,-1,-1
185,3,209.82,258.25,92.07,38.68,0.7481,-1,-1,-1
185,28,287.71,242.08,143.69,76.66,0.7989,-1,-1,-1
186,3,210.17,257.93,88.56,38.62,0.7717,-1,-1,-1
186,28,274.32,242.92,145.79,73.06,0.7225,-1,-1,-1
187,3,210.08,258.06,88.16,37.06,0.8164,-1,-1,-1
187,28,263.49,243.45,145.41,75.48,0.7750,-1,-1,-1
188,3,209.98,258.02,92.57,36.34,0.7323,-1,-1,-1
188,28,252.36,244.03,145.71,78.08,0.7916,-1,-1,-1
189,3,209.67,257.74,87.71,36.56,0.7166,-1,-1,-1
189,28,240.68,244.32,147.30,78.07,0.5662,-1,-1,-1
190,3,209.57,257.47,64.69,36.61,0.5300,-1,-1,-1
190,28,227.15,245.39,149.42,78.17,0.7830,-1,-1,-1
