1,1,121.50,336.17,135.59,57.42,0.8820,-1,-1,-1
1,2,733.05,268.89,73.65,36.55,0.8228,-1,-1,-1
1,3,225.62,251.79,79.73,39.63,0.7629,-1,-1,-1
2,1,102.67,339.24,135.93,57.51,0.8234,-1,-1,-1
2,2,721.90,269.79,73.55,36.52,0.7687,-1,-1,-1
2,3,223.66,252.46,79.17,39.32,0.7892,-1,-1,-1
3,1,79.77,341.86,140.45,59.37,0.8890,-1,-1,-1
3,2,710.46,272.26,72.86,36.12,0.7503,-1,-1,-1
3,3,221.92,252.72,79.39,39.32,0.8317,-1,-1,-1
4,1,53.68,345.73,143.41,60.58,0.8771,-1,-1,-1
4,2,695.42,274.03,74.71,37.02,0.8189,-1,-1,-1
4,3,219.93,252.70,80.47,39.66,0.8334,-1,-1,-1
5,1,26.10,349.39,146.87,61.98,0.8825,-1,-1,-1
5,2,680.96,275.89,75.37,37.31,0.8407,-1,-1,-1
5,3,219.15,252.45,81.30,39.91,0.8372,-1,-1,-1
6,1,0.60,352.44,151.15,63.89,0.8944,-1,-1,-1
6,2,666.41,277.11,78.12,38.70,0.8230,-1,-1,-1
6,3,218.90,252.42,82.59,40.37,0.8422,-1,-1,-1
7,1,0.00,356.94,137.51,64.90,0.8769,-1,-1,-1
7,2,650.95,278.80,80.43,39.87,0.8428,-1,-1,-1
7,3,217.96,252.69,82.88,40.26,0.8810,-1,-1,-1
8,1,0.00,360.35,126.39,67.70,0.8813,-1,-1,-1
8,2,636.22,280.47,82.28,40.81,0.7963,-1,-1,-1
8,3,217.12,252.92,83.27,40.15,0.8600,-1,-1,-1
9,1,0.00,364.40,105.39,61.78,0.8891,-1,-1,-1
9,2,621.80,282.35,83.42,41.37,0.8573,-1,-1,-1
9,3,214.52,252.93,84.17,40.18,0.8215,-1,-1,-1
10,1,0.00,368.45,86.89,58.88,0.8345,-1,-1,-1
10,2,605.99,284.58,84.11,41.70,0.7240,-1,-1,-1
10,3,213.24,252.93,85.00,40.25,0.8787,-1,-1,-1
11,2,591.48,287.25,84.62,41.87,0.7310,-1,-1,-1
11,3,213.44,253.31,85.16,39.95,0.8283,-1,-1,-1
12,2,576.07,288.99,85.99,42.48,0.6114,-1,-1,-1
12,3,213.15,253.28,86.06,39.98,0.7912,-1,-1,-1
13,2,561.73,290.82,84.64,41.61,0.6831,-1,-1,-1
13,3,212.69,253.29,87.03,40.11,0.8140,-1,-1,-1
14,3,212.63,253.40,87.40,39.95,0.8318,-1,-1,-1
15,2,525.90,294.06,93.86,46.39,0.5297,-1,-1,-1
15,3,212.52,253.42,87.76,39.80,0.8278,-1,-1,-1
16,2,513.46,301.87,85.25,41.35,0.3522,-1,-1,-1
16,3,211.63,253.56,88.47,39.85,0.8047,-1,-1,-1
17,2,498.62,305.92,84.78,40.48,0.5065,-1,-1,-1
17,3,210.96,253.56,89.15,39.95,0.8382,-1,-1,-1
18,2,479.16,306.62,89.60,42.52,0.7598,-1,-1,-1
18,3,209.79,253.38,89.56,39.85,0.8366,-1,-1,-1
19,2,453.83,307.60,93.81,45.51,0.5796,-1,-1,-1
19,3,209.35,253.36,90.27,39.92,0.8216,-1,-1,-1
20,2,436.84,307.31,100.61,49.30,0.8353,-1,-1,-1
20,3,209.45,253.50,90.41,39.76,0.8223,-1,-1,-1
21,2,421.42,309.40,103.34,50.85,0.8021,-1,-1,-1
21,3,209.90,253.45,91.28,39.94,0.8216,-1,-1,-1
22,2,405.62,313.49,103.39,50.76,0.8503,-1,-1,-1
22,3,210.00,253.66,91.26,39.79,0.8151,-1,-1,-1
23,2,386.77,315.85,106.84,52.49,0.8184,-1,-1,-1
23,3,209.56,253.67,91.55,39.73,0.7542,-1,-1,-1
24,2,368.41,318.77,108.98,53.62,0.8430,-1,-1,-1
24,3,209.68,253.74,91.82,39.68,0.8333,-1,-1,-1
25,2,348.75,321.26,112.13,55.32,0.8031,-1,-1,-1
25,3,209.70,253.72,92.15,39.74,0.7965,-1,-1,-1
26,2,329.09,324.26,113.95,56.36,0.8361,-1,-1,-1
26,3,209.17,253.71,92.62,39.80,0.7966,-1,-1,-1
27,2,310.01,328.68,113.63,56.05,0.8708,-1,-1,-1
27,3,208.30,253.61,93.05,39.89,0.7728,-1,-1,-1
28,2,290.51,333.00,113.95,56.00,0.8532,-1,-1,-1
28,3,208.24,253.64,93.22,39.89,0.7419,-1,-1,-1
29,2,268.03,336.44,116.97,57.32,0.8199,-1,-1,-1
29,3,208.05,253.49,93.55,39.93,0.7812,-1,-1,-1
30,2,247.00,339.48,119.92,58.61,0.8688,-1,-1,-1
30,3,208.24,253.48,93.56,39.84,0.8095,-1,-1,-1
31,2,224.98,342.91,123.16,59.96,0.8600,-1,-1,-1
31,3,207.88,253.26,93.87,39.90,0.8363,-1,-1,-1
32,2,202.16,346.61,126.43,61.44,0.8774,-1,-1,-1
32,3,208.01,253.37,93.98,39.83,0.8557,-1,-1,-1
33,2,179.32,349.93,130.42,63.17,0.8700,-1,-1,-1
33,3,208.02,253.33,94.06,39.82,0.8440,-1,-1,-1
34,2,155.05,353.81,133.07,64.21,0.8893,-1,-1,-1
34,3,207.90,253.19,94.45,39.99,0.8426,-1,-1,-1
35,2,131.39,357.44,137.87,66.26,0.8398,-1,-1,-1
35,3,208.30,253.28,94.41,39.96,0.8585,-1,-1,-1
36,2,105.62,361.92,141.60,67.72,0.9124,-1,-1,-1
36,3,208.98,253.47,94.14,39.77,0.8224,-1,-1,-1
37,2,80.40,367.24,143.02,67.95,0.8315,-1,-1,-1
37,3,209.14,253.50,94.35,39.85,0.8091,-1,-1,-1
38,2,52.51,371.41,147.77,69.88,0.9086,-1,-1,-1
38,3,208.89,253.41,94.55,39.90,0.8272,-1,-1,-1
39,2,23.36,374.67,154.25,72.62,0.9010,-1,-1,-1
39,3,208.84,253.32,94.75,39.97,0.8240,-1,-1,-1
39,17,375.10,252.44,14.49,17.25,0.3529,-1,-1,-1
40,2,0.00,380.03,155.65,73.56,0.8812,-1,-1,-1
40,3,209.10,253.36,94.63,39.90,0.8207,-1,-1,-1
40,17,375.82,252.45,14.00,16.65,0.3800,-1,-1,-1
41,2,0.00,384.85,140.41,75.86,0.8963,-1,-1,-1
41,3,208.36,253.23,95.00,40.06,0.8327,-1,-1,-1
41,17,376.38,252.23,12.75,15.09,0.3657,-1,-1,-1
42,2,0.00,387.56,128.49,80.40,0.8480,-1,-1,-1
42,3,208.46,253.06,94.52,39.86,0.8366,-1,-1,-1
42,17,376.67,252.06,12.16,14.27,0.2704,-1,-1,-1
43,2,0.00,392.51,105.48,73.15,0.8323,-1,-1,-1
43,3,208.71,253.09,94.28,39.67,0.8305,-1,-1,-1
44,2,0.00,400.08,81.35,65.04,0.7182,-1,-1,-1
44,3,209.02,253.16,94.35,39.66,0.8099,-1,-1,-1
44,17,376.77,251.83,12.14,14.13,0.2788,-1,-1,-1
45,3,209.23,253.13,94.71,39.82,0.7973,-1,-1,-1
45,17,376.40,251.79,13.34,15.50,0.3234,-1,-1,-1
46,3,208.96,253.25,94.63,39.78,0.8293,-1,-1,-1
47,3,208.64,252.92,95.08,40.01,0.8490,-1,-1,-1
47,17,376.45,252.01,12.02,13.69,0.3573,-1,-1,-1
48,3,208.17,252.86,95.36,40.21,0.8802,-1,-1,-1
49,3,208.22,252.90,95.27,40.16,0.8757,-1,-1,-1
49,17,376.96,252.29,11.88,13.27,0.2737,-1,-1,-1
50,3,206.92,252.55,96.09,40.54,0.8592,-1,-1,-1
50,17,376.25,252.30,12.43,13.76,0.2522,-1,-1,-1
51,3,206.76,252.27,96.23,40.60,0.8427,-1,-1,-1
51,17,375.80,252.00,12.99,14.10,0.3469,-1,-1,-1
52,3,206.83,252.47,95.83,40.42,0.8468,-1,-1,-1
52,17,375.85,252.38,12.56,13.39,0.3389,-1,-1,-1
53,3,207.60,252.64,95.61,40.38,0.7824,-1,-1,-1
53,17,375.83,252.45,12.87,13.47,0.3250,-1,-1,-1
54,3,208.12,253.06,94.69,39.99,0.7962,-1,-1,-1
54,17,376.10,252.24,12.83,13.28,0.2735,-1,-1,-1
55,3,208.79,253.30,94.50,39.92,0.8071,-1,-1,-1
56,3,209.01,253.60,94.05,39.65,0.8289,-1,-1,-1
56,17,375.58,252.76,14.02,14.38,0.3149,-1,-1,-1
57,3,209.31,253.66,93.92,39.57,0.7860,-1,-1,-1
57,17,375.76,253.00,14.43,14.85,0.2706,-1,-1,-1
57,23,929.15,224.73,28.77,66.71,0.3778,-1,-1,-1
58,3,209.32,253.69,94.64,39.87,0.8125,-1,-1,-1
58,17,376.14,253.49,13.61,13.81,0.2831,-1,-1,-1
58,23,926.72,226.30,29.01,66.84,0.5543,-1,-1,-1
59,3,208.60,253.78,94.83,40.00,0.7847,-1,-1,-1
59,17,375.93,253.68,12.90,12.69,0.3410,-1,-1,-1
59,23,923.22,225.92,30.50,69.42,0.5406,-1,-1,-1
60,3,208.67,254.08,94.21,39.77,0.8121,-1,-1,-1
60,17,375.20,253.95,13.94,13.64,0.2950,-1,-1,-1
60,23,919.50,226.12,31.74,70.67,0.5993,-1,-1,-1
61,3,209.09,254.13,94.20,39.75,0.7681,-1,-1,-1
61,23,916.28,227.79,32.00,68.65,0.6334,-1,-1,-1
62,3,209.11,254.90,93.33,39.30,0.7201,-1,-1,-1
62,23,913.48,225.92,34.83,72.19,0.6878,-1,-1,-1
63,3,209.01,255.66,92.78,38.87,0.7277,-1,-1,-1
63,23,910.14,227.53,36.26,71.53,0.8192,-1,-1,-1
64,3,208.00,255.86,93.58,39.13,0.7810,-1,-1,-1
64,23,905.32,227.45,39.39,73.62,0.4649,-1,-1,-1
65,3,207.85,256.24,93.78,39.12,0.6872,-1,-1,-1
65,17,374.85,254.60,15.47,15.23,0.2524,-1,-1,-1
65,23,900.67,228.68,42.45,74.64,0.7934,-1,-1,-1
66,3,208.38,256.73,93.56,38.94,0.7384,-1,-1,-1
66,23,895.76,230.05,45.67,75.05,0.8675,-1,-1,-1
67,3,208.10,256.27,94.81,39.45,0.7489,-1,-1,-1
67,23,890.41,230.44,49.95,76.75,0.7357,-1,-1,-1
68,3,208.37,256.51,94.09,39.06,0.7778,-1,-1,-1
68,23,885.57,231.61,53.84,77.23,0.8585,-1,-1,-1
69,3,208.64,256.89,94.03,39.03,0.7700,-1,-1,-1
69,23,881.08,232.43,57.79,77.51,0.8812,-1,-1,-1
70,3,208.65,257.04,94.07,39.07,0.7293,-1,-1,-1
70,23,874.10,231.36,63.75,79.99,0.8419,-1,-1,-1
71,3,208.24,256.39,95.50,39.81,0.7118,-1,-1,-1
71,23,868.16,232.00,69.00,81.18,0.8526,-1,-1,-1
72,3,209.14,257.10,94.90,39.53,0.7142,-1,-1,-1
72,23,861.08,232.62,74.58,82.11,0.8655,-1,-1,-1
73,3,208.46,256.81,95.77,40.04,0.7284,-1,-1,-1
73,23,854.50,231.80,81.29,84.45,0.8016,-1,-1,-1
74,3,209.52,257.67,93.94,39.20,0.7673,-1,-1,-1
74,23,848.70,232.67,86.95,85.37,0.8397,-1,-1,-1
75,3,210.28,258.07,93.79,39.03,0.7706,-1,-1,-1
75,23,841.94,232.40,94.12,87.88,0.7705,-1,-1,-1
76,3,209.35,257.99,93.57,38.92,0.7618,-1,-1,-1
76,23,836.20,234.95,98.63,87.18,0.7907,-1,-1,-1
77,3,209.85,258.38,93.49,38.83,0.7599,-1,-1,-1
77,23,829.23,235.06,105.51,88.78,0.7663,-1,-1,-1
78,3,209.79,258.21,93.80,38.92,0.7615,-1,-1,-1
78,23,821.84,235.10,112.31,90.04,0.8281,-1,-1,-1
79,3,209.66,258.28,93.69,38.86,0.7592,-1,-1,-1
79,23,814.38,235.68,118.95,91.20,0.8594,-1,-1,-1
80,3,208.18,257.81,94.03,38.97,0.7098,-1,-1,-1
80,23,803.95,235.64,128.13,94.51,0.8747,-1,-1,-1
81,3,207.72,257.70,94.23,39.02,0.7062,-1,-1,-1
81,23,793.42,236.76,132.88,94.61,0.8515,-1,-1,-1
81,27,753.63,259.27,32.27,30.52,0.5372,-1,-1,-1
82,3,208.05,257.68,94.05,38.95,0.7231,-1,-1,-1
82,23,783.55,236.87,139.77,96.54,0.7777,-1,-1,-1
82,27,745.40,259.82,32.02,30.28,0.5046,-1,-1,-1
83,3,207.63,257.34,94.70,39.22,0.7006,-1,-1,-1
83,23,773.61,237.80,145.99,98.05,0.8500,-1,-1,-1
83,27,734.22,260.83,32.52,30.74,0.4031,-1,-1,-1
84,3,207.87,257.23,94.40,39.10,0.7480,-1,-1,-1
84,23,763.16,239.25,151.55,99.19,0.8930,-1,-1,-1
84,27,722.92,262.00,33.17,31.26,0.4216,-1,-1,-1
85,3,207.56,257.12,94.06,38.94,0.7297,-1,-1,-1
85,23,753.34,240.72,155.00,98.99,0.8805,-1,-1,-1
85,27,711.93,262.78,32.55,30.47,0.4023,-1,-1,-1
86,3,207.73,257.19,94.06,38.90,0.7617,-1,-1,-1
86,23,743.09,240.98,160.05,99.96,0.8460,-1,-1,-1
86,27,705.17,263.22,33.17,30.22,0.3466,-1,-1,-1
87,3,208.64,257.60,93.06,38.41,0.7508,-1,-1,-1
87,23,731.80,241.21,167.12,102.53,0.8951,-1,-1,-1
87,27,693.90,263.98,34.03,30.47,0.5201,-1,-1,-1
88,3,207.94,257.07,94.20,38.88,0.7382,-1,-1,-1
88,23,720.15,242.19,172.44,104.22,0.9002,-1,-1,-1
88,27,683.11,265.26,34.59,30.16,0.4327,-1,-1,-1
89,3,207.36,256.75,94.26,38.88,0.7245,-1,-1,-1
89,23,708.93,242.89,178.05,106.16,0.8959,-1,-1,-1
89,27,670.03,265.59,36.25,31.10,0.4663,-1,-1,-1
90,3,206.98,256.43,94.96,39.19,0.8055,-1,-1,-1
90,23,697.59,243.58,183.23,107.85,0.9057,-1,-1,-1
91,3,207.11,255.95,95.74,39.52,0.7464,-1,-1,-1
91,23,686.35,244.61,187.98,109.48,0.9053,-1,-1,-1
92,3,207.61,255.87,95.72,39.48,0.7583,-1,-1,-1
92,23,675.88,245.72,191.62,110.17,0.9025,-1,-1,-1
93,3,207.37,255.77,96.00,39.61,0.7510,-1,-1,-1
93,23,665.00,247.50,195.23,110.96,0.8946,-1,-1,-1
94,3,206.89,255.47,96.17,39.71,0.7628,-1,-1,-1
94,23,651.25,247.15,204.57,115.50,0.8988,-1,-1,-1
95,3,207.65,255.55,96.46,39.66,0.7186,-1,-1,-1
95,23,638.80,246.89,211.45,118.83,0.9007,-1,-1,-1
95,27,607.26,266.33,46.30,36.26,0.6330,-1,-1,-1
96,3,207.52,255.53,95.77,39.37,0.7745,-1,-1,-1
96,23,626.69,246.98,216.82,121.30,0.8872,-1,-1,-1
96,27,594.89,267.38,48.82,34.93,0.7093,-1,-1,-1
97,3,207.93,255.40,95.93,39.46,0.7670,-1,-1,-1
97,23,614.61,247.72,221.22,123.26,0.9055,-1,-1,-1
97,27,582.12,268.13,50.87,33.62,0.6835,-1,-1,-1
98,3,208.09,255.36,96.71,39.51,0.7853,-1,-1,-1
98,23,601.97,249.17,224.75,124.79,0.8823,-1,-1,-1
98,27,570.45,269.04,54.69,33.57,0.7694,-1,-1,-1
99,3,207.66,255.67,96.60,39.53,0.7339,-1,-1,-1
99,23,587.93,249.00,232.15,128.78,0.8964,-1,-1,-1
99,27,558.90,269.56,57.46,33.66,0.6582,-1,-1,-1
100,3,207.51,254.93,97.79,39.99,0.7238,-1,-1,-1
100,23,574.44,249.43,237.60,131.49,0.8769,-1,-1,-1
100,27,543.89,270.07,61.29,33.92,0.4596,-1,-1,-1
101,3,206.84,254.59,97.25,39.77,0.6835,-1,-1,-1
101,23,560.00,249.66,244.00,134.83,0.8574,-1,-1,-1
101,27,528.00,270.99,65.05,34.48,0.6711,-1,-1,-1
102,3,206.40,254.56,97.13,39.85,0.6899,-1,-1,-1
102,23,545.31,250.38,248.15,136.61,0.8962,-1,-1,-1
102,27,512.79,271.77,68.08,34.40,0.4336,-1,-1,-1
103,3,206.27,255.16,96.28,39.58,0.7140,-1,-1,-1
103,23,533.45,252.63,249.55,136.71,0.8881,-1,-1,-1
103,27,492.91,270.53,72.50,36.30,0.4515,-1,-1,-1
104,3,206.09,255.10,96.87,39.97,0.7173,-1,-1,-1
104,23,520.50,252.87,257.06,140.84,0.8893,-1,-1,-1
104,27,481.15,270.96,76.42,37.17,0.7293,-1,-1,-1
104,37,478.82,270.54,52.69,37.67,0.7285,-1,-1,-1
105,3,205.95,255.01,97.06,40.18,0.7165,-1,-1,-1
105,23,506.24,254.36,261.99,143.26,0.8897,-1,-1,-1
105,27,463.46,272.36,76.02,36.75,0.7659,-1,-1,-1
106,3,204.70,254.62,96.59,40.23,0.6653,-1,-1,-1
106,23,490.75,254.76,268.68,146.89,0.9120,-1,-1,-1
106,27,450.43,272.69,78.39,37.10,0.8570,-1,-1,-1
107,3,205.86,254.56,96.22,40.16,0.6065,-1,-1,-1
107,23,475.67,254.04,276.67,151.25,0.8445,-1,-1,-1
107,27,440.24,273.70,80.57,36.83,0.8593,-1,-1,-1
108,3,206.15,254.78,96.02,40.13,0.6513,-1,-1,-1
108,23,459.67,254.63,282.66,154.40,0.9083,-1,-1,-1
108,27,426.26,274.26,83.64,37.22,0.8607,-1,-1,-1
108,42,0.00,280.94,21.97,20.42,0.3705,-1,-1,-1
109,3,207.12,254.91,95.63,40.03,0.7459,-1,-1,-1
109,23,441.96,254.38,291.59,159.44,0.9079,-1,-1,-1
109,27,411.67,275.40,86.91,37.75,0.8334,-1,-1,-1
109,42,0.00,281.41,21.21,19.84,0.2565,-1,-1,-1
109,43,935.64,214.86,22.36,54.35,0.3703,-1,-1,-1
110,3,206.66,254.56,95.55,40.01,0.7524,-1,-1,-1
110,23,427.87,256.35,295.49,161.43,0.9095,-1,-1,-1
110,27,397.75,276.83,87.93,37.19,0.8383,-1,-1,-1
110,43,932.60,213.75,23.19,55.91,0.4073,-1,-1,-1
110,46,930.39,214.66,27.23,55.10,0.3921,-1,-1,-1
111,3,206.04,254.66,95.50,39.94,0.7149,-1,-1,-1
111,23,409.10,257.12,302.42,164.91,0.9180,-1,-1,-1
111,27,382.45,277.79,91.03,37.86,0.8246,-1,-1,-1
111,46,927.68,213.90,27.99,56.25,0.4661,-1,-1,-1
112,3,206.67,254.68,95.69,40.05,0.6976,-1,-1,-1
112,23,387.34,258.26,311.69,169.49,0.9184,-1,-1,-1
112,27,367.60,278.59,92.60,37.81,0.8311,-1,-1,-1
112,42,0.00,281.25,21.44,20.22,0.3032,-1,-1,-1
112,46,924.57,213.80,28.55,56.51,0.5359,-1,-1,-1
113,3,207.18,254.87,94.96,39.76,0.6532,-1,-1,-1
113,23,374.40,264.75,309.85,166.90,0.8922,-1,-1,-1
113,27,350.56,278.27,97.21,39.30,0.7198,-1,-1,-1
113,46,922.08,214.74,28.99,56.01,0.4898,-1,-1,-1
114,3,207.41,254.87,95.31,39.96,0.7429,-1,-1,-1
114,23,357.73,269.53,312.00,166.12,0.9188,-1,-1,-1
114,27,332.25,278.00,105.34,42.54,0.7852,-1,-1,-1
114,42,0.00,281.62,21.08,19.84,0.3750,-1,-1,-1
114,46,918.87,214.68,30.49,56.98,0.7411,-1,-1,-1
114,51,585.45,257.44,82.79,22.71,0.4299,-1,-1,-1
115,3,207.26,255.06,94.50,39.62,0.7317,-1,-1,-1
115,23,333.17,266.84,330.04,175.13,0.8615,-1,-1,-1
115,27,321.68,279.91,97.99,38.68,0.7590,-1,-1,-1
115,42,0.00,281.55,21.10,19.79,0.2677,-1,-1,-1
115,46,916.06,214.90,31.87,57.15,0.5531,-1,-1,-1
115,51,565.72,258.60,88.05,24.13,0.4047,-1,-1,-1
116,3,208.09,255.37,94.50,39.63,0.7353,-1,-1,-1
116,23,316.84,272.79,330.87,174.05,0.8329,-1,-1,-1
116,27,309.08,281.18,93.45,35.94,0.6996,-1,-1,-1
116,46,912.92,215.25,33.61,57.31,0.6516,-1,-1,-1
116,51,550.96,259.82,88.61,24.23,0.2857,-1,-1,-1
117,3,208.42,255.25,93.11,39.01,0.7240,-1,-1,-1
117,23,300.67,277.35,333.63,173.94,0.8359,-1,-1,-1
117,27,291.82,280.59,97.14,36.71,0.7074,-1,-1,-1
117,42,0.00,281.21,21.10,20.15,0.2819,-1,-1,-1
117,46,909.81,215.28,35.82,57.78,0.6819,-1,-1,-1
117,51,538.01,260.73,96.46,26.62,0.4044,-1,-1,-1
118,3,209.05,255.43,92.11,38.47,0.7435,-1,-1,-1
118,23,281.86,282.11,338.59,174.63,0.8067,-1,-1,-1
118,27,275.07,281.12,100.63,37.58,0.8240,-1,-1,-1
118,46,905.48,216.38,38.38,57.97,0.6738,-1,-1,-1
118,51,532.62,261.47,93.85,26.20,0.5709,-1,-1,-1
119,3,209.41,255.80,91.17,37.96,0.7330,-1,-1,-1
119,23,260.11,280.04,353.14,181.48,0.7401,-1,-1,-1
119,27,257.99,282.01,104.06,38.47,0.7853,-1,-1,-1
119,46,900.82,217.56,40.98,57.46,0.8083,-1,-1,-1
119,51,526.74,262.38,90.71,25.86,0.5241,-1,-1,-1
120,3,210.01,256.07,90.38,37.39,0.7372,-1,-1,-1
120,23,235.42,279.84,366.68,187.54,0.7677,-1,-1,-1
120,27,242.58,284.57,103.84,37.89,0.8749,-1,-1,-1
120,46,895.45,218.04,43.67,57.50,0.8230,-1,-1,-1
121,3,209.52,255.86,89.63,36.87,0.7548,-1,-1,-1
121,23,219.44,284.17,372.27,189.48,0.8725,-1,-1,-1
121,27,224.76,285.65,107.18,38.70,0.8585,-1,-1,-1
121,46,889.80,218.34,46.51,57.81,0.6651,-1,-1,-1
121,55,469.86,264.16,104.78,34.23,0.4773,-1,-1,-1
122,3,210.56,255.53,88.48,36.07,0.7642,-1,-1,-1
122,23,198.37,290.12,379.82,192.16,0.8209,-1,-1,-1
122,27,205.49,285.95,115.26,41.61,0.8465,-1,-1,-1
122,46,883.10,218.52,49.49,58.20,0.7956,-1,-1,-1
122,55,446.27,264.83,110.12,36.10,0.7485,-1,-1,-1
123,3,209.62,255.46,91.16,37.01,0.7598,-1,-1,-1
123,23,174.41,294.33,389.85,196.01,0.8004,-1,-1,-1
123,27,187.08,286.33,119.04,43.05,0.8623,-1,-1,-1
123,46,875.71,218.73,52.35,58.52,0.8030,-1,-1,-1
123,55,429.12,265.22,118.60,39.06,0.8822,-1,-1,-1
124,3,208.13,256.03,94.77,38.53,0.7975,-1,-1,-1
124,23,152.51,297.51,400.00,200.23,0.7719,-1,-1,-1
124,27,171.15,287.57,119.72,43.14,0.8542,-1,-1,-1
124,46,869.05,218.95,55.16,59.19,0.7732,-1,-1,-1
124,55,415.59,265.81,123.84,40.93,0.8724,-1,-1,-1
125,3,205.91,256.16,97.74,39.79,0.6752,-1,-1,-1
125,23,127.53,299.25,410.68,204.70,0.8141,-1,-1,-1
125,27,154.31,290.05,119.06,42.75,0.8222,-1,-1,-1
125,46,863.06,218.98,57.76,59.73,0.7492,-1,-1,-1
125,55,400.72,266.61,128.16,42.58,0.9004,-1,-1,-1
126,3,205.60,256.13,98.55,40.29,0.7400,-1,-1,-1
126,23,94.98,300.18,427.29,211.77,0.7972,-1,-1,-1
126,27,135.70,291.25,121.71,43.66,0.8541,-1,-1,-1
126,46,854.98,218.87,61.22,61.05,0.8079,-1,-1,-1
126,55,385.85,267.45,129.69,43.39,0.9038,-1,-1,-1
127,3,206.41,255.77,98.27,40.39,0.6256,-1,-1,-1
127,23,72.96,301.64,438.46,216.34,0.8578,-1,-1,-1
127,27,116.64,292.68,125.54,45.11,0.8637,-1,-1,-1
127,46,848.14,218.78,64.04,61.81,0.7335,-1,-1,-1
127,55,369.43,268.06,134.69,45.44,0.9014,-1,-1,-1
128,3,206.83,256.10,97.63,40.23,0.7498,-1,-1,-1
128,23,43.00,303.93,458.56,224.44,0.8540,-1,-1,-1
128,27,98.36,294.16,127.60,45.93,0.8859,-1,-1,-1
128,46,841.89,219.14,65.89,61.71,0.7531,-1,-1,-1
128,55,351.86,268.11,140.83,48.11,0.8435,-1,-1,-1
129,3,206.95,256.60,96.96,40.03,0.6490,-1,-1,-1
129,23,14.03,306.85,471.44,230.00,0.8754,-1,-1,-1
129,27,80.72,295.79,128.53,46.30,0.8727,-1,-1,-1
129,46,835.04,219.35,68.19,62.16,0.6976,-1,-1,-1
129,55,336.64,269.01,141.86,49.01,0.8757,-1,-1,-1
130,3,211.43,256.42,95.14,39.83,0.3801,-1,-1,-1
130,23,1.95,311.32,469.92,228.68,0.8554,-1,-1,-1
130,27,61.58,297.29,129.26,46.63,0.8510,-1,-1,-1
130,46,827.69,219.93,70.33,62.61,0.8031,-1,-1,-1
130,55,322.09,270.09,142.11,49.53,0.8671,-1,-1,-1
131,3,218.80,256.27,93.63,40.33,0.5887,-1,-1,-1
131,23,0.00,313.91,457.75,226.09,0.9005,-1,-1,-1
131,27,44.25,299.46,128.75,46.30,0.8565,-1,-1,-1
131,46,821.65,220.32,72.25,63.12,0.8015,-1,-1,-1
131,55,307.11,270.98,143.32,50.56,0.8504,-1,-1,-1
132,3,222.95,256.33,90.08,39.85,0.6353,-1,-1,-1
132,23,0.00,318.14,445.93,221.86,0.8947,-1,-1,-1
132,27,26.12,301.70,127.88,45.77,0.8591,-1,-1,-1
132,46,814.66,220.94,73.79,63.03,0.7996,-1,-1,-1
132,55,292.54,271.89,141.93,50.60,0.8522,-1,-1,-1
133,3,222.09,256.57,88.04,39.54,0.6343,-1,-1,-1
133,23,0.00,321.93,432.60,218.07,0.8976,-1,-1,-1
133,27,6.38,303.08,130.47,46.60,0.8609,-1,-1,-1
133,46,807.41,221.32,75.77,63.47,0.7488,-1,-1,-1
133,55,277.52,272.70,141.75,51.13,0.8307,-1,-1,-1
134,3,215.80,256.90,88.55,39.71,0.6089,-1,-1,-1
134,23,0.00,324.91,419.98,215.09,0.8816,-1,-1,-1
134,27,0.00,304.18,124.31,47.90,0.8904,-1,-1,-1
134,46,800.47,222.04,77.36,63.80,0.7643,-1,-1,-1
134,55,262.59,273.93,140.64,51.27,0.8254,-1,-1,-1
134,59,495.46,212.87,98.32,61.49,0.3326,-1,-1,-1
135,3,220.24,257.33,84.23,38.05,0.6709,-1,-1,-1
135,23,0.00,327.95,404.88,212.05,0.9055,-1,-1,-1
135,27,0.00,305.22,114.11,49.25,0.8653,-1,-1,-1
135,46,792.64,222.78,78.54,63.52,0.8212,-1,-1,-1
135,55,250.45,275.80,134.11,48.99,0.8691,-1,-1,-1
136,3,223.40,256.89,81.75,37.28,0.6817,-1,-1,-1
136,23,0.00,330.71,390.81,209.29,0.8955,-1,-1,-1
136,27,0.00,303.78,105.66,52.06,0.8499,-1,-1,-1
136,46,785.08,223.19,80.38,63.96,0.7250,-1,-1,-1
136,55,235.31,277.17,132.53,48.58,0.8837,-1,-1,-1
136,59,496.25,213.53,96.20,60.12,0.2727,-1,-1,-1
137,3,222.88,256.51,81.31,37.20,0.5411,-1,-1,-1
137,23,0.00,334.70,375.66,205.30,0.9328,-1,-1,-1
137,27,0.00,305.85,90.14,49.43,0.8485,-1,-1,-1
137,46,776.79,223.60,82.68,64.70,0.8359,-1,-1,-1
137,55,220.00,277.77,131.35,48.26,0.8955,-1,-1,-1
137,59,501.51,215.77,91.74,57.30,0.2525,-1,-1,-1
138,3,217.40,255.78,85.94,39.50,0.5961,-1,-1,-1
138,23,0.00,339.97,358.14,200.03,0.9223,-1,-1,-1
138,27,0.00,309.77,73.70,45.47,0.7556,-1,-1,-1
138,46,769.60,223.90,84.57,65.27,0.6900,-1,-1,-1
138,55,202.67,278.59,133.33,49.10,0.8583,-1,-1,-1
139,3,222.18,255.77,79.04,35.92,0.5280,-1,-1,-1
139,23,0.00,343.05,342.60,196.95,0.9381,-1,-1,-1
139,46,761.92,224.26,85.85,65.37,0.8113,-1,-1,-1
139,55,183.19,278.04,141.27,52.55,0.8019,-1,-1,-1
139,62,708.40,497.72,151.05,42.28,0.5374,-1,-1,-1
140,3,224.46,255.78,74.45,33.30,0.6789,-1,-1,-1
140,23,0.00,346.36,325.13,193.64,0.9046,-1,-1,-1
140,46,754.73,225.18,86.66,65.18,0.8775,-1,-1,-1
140,55,166.55,279.73,141.32,52.95,0.8592,-1,-1,-1
140,62,707.59,493.93,164.09,46.07,0.6753,-1,-1,-1
141,3,218.93,256.38,83.81,37.66,0.7528,-1,-1,-1
141,23,0.00,350.04,307.39,189.96,0.8899,-1,-1,-1
141,46,747.13,225.92,87.75,65.08,0.8604,-1,-1,-1
141,55,150.34,281.48,141.61,53.28,0.8937,-1,-1,-1
141,62,706.52,487.51,185.39,52.49,0.8382,-1,-1,-1
142,3,216.44,257.02,86.70,38.90,0.6506,-1,-1,-1
142,23,0.00,354.83,287.71,184.94,0.9091,-1,-1,-1
142,46,739.30,226.14,89.45,65.67,0.7437,-1,-1,-1
142,55,133.27,283.29,141.93,53.66,0.9140,-1,-1,-1
142,62,706.85,481.60,203.55,58.40,0.8310,-1,-1,-1
143,3,214.62,257.41,87.82,39.22,0.7299,-1,-1,-1
143,23,0.00,358.10,270.72,181.90,0.8945,-1,-1,-1
143,46,731.31,227.34,90.33,65.30,0.8608,-1,-1,-1
143,55,114.65,283.98,145.11,55.24,0.9006,-1,-1,-1
143,62,710.73,476.62,216.84,63.38,0.8489,-1,-1,-1
144,3,213.17,257.66,88.47,39.29,0.7367,-1,-1,-1
144,23,0.00,362.98,250.21,177.02,0.8846,-1,-1,-1
144,46,723.50,227.91,91.31,65.12,0.8541,-1,-1,-1
144,55,96.97,284.90,146.87,56.29,0.8920,-1,-1,-1
144,62,713.67,471.17,229.86,68.83,0.8693,-1,-1,-1
145,3,211.05,257.58,89.34,39.36,0.7641,-1,-1,-1
145,23,0.00,366.49,230.36,173.51,0.8462,-1,-1,-1
145,46,715.00,228.17,92.96,65.46,0.7643,-1,-1,-1
145,55,78.77,285.65,147.95,57.03,0.8672,-1,-1,-1
145,62,718.04,466.20,239.41,73.80,0.8572,-1,-1,-1
146,3,209.31,257.45,90.74,39.57,0.7237,-1,-1,-1
146,23,0.00,369.81,210.71,170.19,0.5896,-1,-1,-1
146,46,706.26,227.97,95.29,66.34,0.8410,-1,-1,-1
146,55,59.90,285.67,152.38,59.23,0.8656,-1,-1,-1
146,62,723.15,461.14,236.85,78.86,0.8719,-1,-1,-1
147,3,209.40,257.62,90.76,39.36,0.7854,-1,-1,-1
147,23,0.00,373.34,189.33,166.66,0.6998,-1,-1,-1
147,46,698.93,228.26,96.47,66.30,0.7797,-1,-1,-1
147,55,41.93,286.79,152.31,59.54,0.8967,-1,-1,-1
147,62,730.60,456.38,229.40,82.52,0.8800,-1,-1,-1
148,3,210.11,257.84,90.87,39.27,0.8253,-1,-1,-1
148,46,690.03,228.75,98.13,66.69,0.8323,-1,-1,-1
148,55,24.12,287.54,153.94,60.59,0.9090,-1,-1,-1
148,62,739.19,451.39,220.81,85.97,0.8569,-1,-1,-1
149,3,211.30,257.91,91.01,39.14,0.8305,-1,-1,-1
149,46,680.31,228.59,100.41,67.77,0.8336,-1,-1,-1
149,55,5.77,288.73,155.44,61.54,0.9148,-1,-1,-1
149,62,751.35,447.09,208.65,86.75,0.8619,-1,-1,-1
150,3,211.34,258.05,91.56,39.21,0.8437,-1,-1,-1
150,46,671.51,228.70,101.85,68.38,0.8506,-1,-1,-1
150,55,0.00,290.38,146.19,61.93,0.9115,-1,-1,-1
150,62,765.56,443.00,194.44,85.56,0.9213,-1,-1,-1
151,3,210.58,257.81,92.07,39.37,0.7968,-1,-1,-1
151,46,661.99,229.30,102.93,68.63,0.8710,-1,-1,-1
151,55,0.00,292.12,133.34,62.23,0.9274,-1,-1,-1
151,62,777.39,438.72,182.61,84.92,0.9056,-1,-1,-1
152,3,209.80,257.60,92.90,39.71,0.7098,-1,-1,-1
152,46,652.93,230.02,103.51,68.38,0.8502,-1,-1,-1
152,55,0.00,293.77,121.48,62.19,0.8763,-1,-1,-1
152,62,791.71,434.56,168.29,82.70,0.8203,-1,-1,-1
153,3,210.04,257.78,92.76,39.48,0.8212,-1,-1,-1
153,46,644.01,230.20,105.05,68.87,0.8573,-1,-1,-1
153,55,0.00,295.21,107.36,59.73,0.8525,-1,-1,-1
153,62,804.30,430.86,155.70,81.14,0.8458,-1,-1,-1
154,3,210.28,257.91,92.86,39.42,0.7797,-1,-1,-1
154,46,634.43,230.34,106.59,69.37,0.7358,-1,-1,-1
154,55,0.00,297.01,93.76,57.52,0.8423,-1,-1,-1
154,62,815.62,426.26,144.38,80.20,0.8670,-1,-1,-1
155,3,210.44,258.27,93.03,39.38,0.8448,-1,-1,-1
155,46,625.31,231.12,106.91,68.95,0.8580,-1,-1,-1
155,55,0.00,299.22,79.87,56.04,0.8417,-1,-1,-1
155,62,826.02,422.58,133.98,77.93,0.8860,-1,-1,-1
156,3,210.44,258.39,93.52,39.49,0.7712,-1,-1,-1
156,46,615.05,231.34,108.70,69.47,0.8210,-1,-1,-1
156,62,835.10,418.98,124.90,76.56,0.8642,-1,-1,-1
157,3,210.13,258.51,93.74,39.52,0.8113,-1,-1,-1
157,46,605.03,231.78,110.10,69.82,0.8784,-1,-1,-1
157,62,842.55,415.56,117.45,75.90,0.8531,-1,-1,-1
158,3,210.14,258.71,94.41,39.72,0.8001,-1,-1,-1
158,46,595.15,232.39,111.81,70.58,0.8949,-1,-1,-1
158,62,849.78,411.29,110.22,75.27,0.8880,-1,-1,-1
159,3,210.17,258.79,93.41,39.20,0.8068,-1,-1,-1
159,46,584.59,232.67,113.80,71.51,0.7984,-1,-1,-1
159,62,857.92,408.40,102.08,73.09,0.8819,-1,-1,-1
160,3,209.70,258.70,93.62,39.26,0.8060,-1,-1,-1
160,46,572.88,232.95,115.68,72.24,0.5624,-1,-1,-1
160,62,866.32,404.80,93.68,70.62,0.8553,-1,-1,-1
161,3,210.04,258.70,93.75,39.27,0.8349,-1,-1,-1
161,46,561.52,233.03,117.58,72.91,0.6332,-1,-1,-1
161,62,873.34,400.72,86.66,69.24,0.8627,-1,-1,-1
162,3,210.09,258.89,93.46,39.09,0.8434,-1,-1,-1
162,46,551.77,233.32,118.47,73.15,0.6122,-1,-1,-1
162,62,881.24,398.48,78.76,66.49,0.8671,-1,-1,-1
163,3,209.89,258.88,93.93,39.29,0.8459,-1,-1,-1
163,46,543.18,233.82,119.33,73.61,0.5975,-1,-1,-1
163,62,887.98,395.40,72.02,65.31,0.8293,-1,-1,-1
164,3,209.40,258.92,94.12,39.32,0.8203,-1,-1,-1
164,46,531.30,234.20,120.40,73.93,0.3345,-1,-1,-1
164,62,893.09,392.57,66.91,64.99,0.8626,-1,-1,-1
165,3,209.20,259.08,94.03,39.29,0.8510,-1,-1,-1
165,46,519.70,234.20,121.00,73.82,0.4634,-1,-1,-1
165,62,898.90,388.79,61.10,64.86,0.8268,-1,-1,-1
165,74,514.57,230.37,131.58,78.12,0.4029,-1,-1,-1
166,3,208.73,259.04,94.79,39.65,0.8443,-1,-1,-1
166,46,502.40,227.63,133.36,82.04,0.3599,-1,-1,-1
166,62,904.77,385.87,55.23,64.20,0.8015,-1,-1,-1
167,3,208.61,258.98,94.17,39.35,0.8085,-1,-1,-1
167,46,491.24,227.23,135.33,83.59,0.6438,-1,-1,-1
167,62,909.91,382.37,50.09,64.02,0.7615,-1,-1,-1
168,3,207.69,258.87,94.30,39.30,0.7762,-1,-1,-1
168,46,484.45,230.66,131.55,80.65,0.6047,-1,-1,-1
169,3,208.20,258.93,94.60,39.46,0.8285,-1,-1,-1
169,46,474.38,233.35,128.90,78.80,0.5050,-1,-1,-1
169,76,943.17,382.99,16.83,55.75,0.5691,-1,-1,-1
170,3,208.89,259.37,93.35,38.86,0.7835,-1,-1,-1
170,46,459.14,228.49,137.29,84.52,0.6913,-1,-1,-1
170,76,946.96,387.74,13.04,48.47,0.4613,-1,-1,-1
171,3,208.91,259.49,92.69,38.49,0.7598,-1,-1,-1
171,46,446.65,225.34,143.58,88.78,0.4701,-1,-1,-1
172,3,208.61,259.07,93.89,38.92,0.7503,-1,-1,-1
172,46,438.05,230.71,135.96,83.74,0.5614,-1,-1,-1
173,3,208.47,259.12,93.35,38.65,0.7900,-1,-1,-1
173,46,428.67,235.40,130.02,79.51,0.7087,-1,-1,-1
174,3,208.30,259.27,93.43,38.63,0.7963,-1,-1,-1
174,46,421.02,237.76,129.24,77.95,0.7088,-1,-1,-1
175,3,207.88,258.87,94.58,39.19,0.8117,-1,-1,-1
175,46,412.97,239.30,130.81,77.30,0.5085,-1,-1,-1
176,3,207.43,258.53,94.78,39.27,0.8169,-1,-1,-1
176,46,397.30,239.66,131.53,77.30,0.7115,-1,-1,-1
177,3,207.95,258.54,94.62,39.20,0.8222,-1,-1,-1
177,46,384.15,239.83,133.13,78.24,0.8693,-1,-1,-1
178,3,208.09,258.62,94.21,39.06,0.8405,-1,-1,-1
178,46,371.65,240.17,133.87,78.33,0.7968,-1,-1,-1
179,3,208.07,258.40,94.47,39.14,0.7671,-1,-1,-1
179,46,359.15,240.89,134.62,78.55,0.7978,-1,-1,-1
180,3,207.55,258.15,94.13,38.95,0.7272,-1,-1,-1
180,46,347.39,241.13,133.84,77.81,0.8311,-1,-1,-1
181,3,207.13,257.92,94.13,38.97,0.7332,-1,-1,-1
181,46,337.53,241.11,131.83,76.10,0.7182,-1,-1,-1
182,3,206.62,257.45,94.89,39.30,0.7094,-1,-1,-1
182,46,325.47,240.22,133.91,76.91,0.7573,-1,-1,-1
183,3,207.52,257.48,94.48,39.15,0.7643,-1,-1,-1
183,46,314.39,240.59,133.62,76.18,0.8511,-1,-1,-1
184,3,208.96,257.71,94.21,39.03,0.8319,-1,-1,-1
184,46,302.37,240.86,135.37,76.73,0.8285,-1,-1,-1
185,3,209.27,258.25,93.17,38.68,0.7481,-1,-1,-1
185,46,291.44,242.04,136.18,76.74,0.7989,-1,-1,-1
186,3,208.22,257.93,92.47,38.62,0.7717,-1,-1,-1
186,46,281.30,242.88,131.74,73.14,0.7225,-1,-1,-1
187,3,209.74,258.06,88.85,37.06,0.8164,-1,-1,-1
187,46,267.84,243.42,136.65,75.54,0.7750,-1,-1,-1
188,3,212.31,258.02,87.94,36.34,0.7323,-1,-1,-1
188,46,254.45,244.00,141.50,78.13,0.7916,-1,-1,-1
189,3,209.39,257.74,88.11,36.56,0.7166,-1,-1,-1
189,46,243.26,244.30,142.10,78.12,0.5662,-1,-1,-1
190,3,199.57,257.47,84.94,36.61,0.5300,-1,-1,-1
190,46,230.32,245.36,143.04,78.22,0.7830,-1,-1,-1
