1,1,121.39,335.40,135.46,57.89,0.9137,-1,-1,-1
1,2,733.58,268.21,72.36,37.10,0.8473,-1,-1,-1
1,3,205.66,250.69,98.28,40.56,0.8441,-1,-1,-1
2,1,100.28,337.53,139.60,60.20,0.9123,-1,-1,-1
2,2,722.41,270.33,72.33,36.71,0.8486,-1,-1,-1
2,3,210.68,250.84,93.07,40.60,0.8190,-1,-1,-1
3,1,77.23,341.07,144.68,60.43,0.9083,-1,-1,-1
3,2,709.41,271.71,75.09,37.41,0.8404,-1,-1,-1
3,3,214.34,251.00,89.54,40.49,0.8041,-1,-1,-1
4,1,51.82,344.05,145.85,62.46,0.9129,-1,-1,-1
4,2,694.75,272.78,76.40,38.54,0.8316,-1,-1,-1
4,3,215.71,251.69,88.33,40.16,0.8670,-1,-1,-1
5,1,23.90,347.53,149.66,63.55,0.9229,-1,-1,-1
5,2,680.47,274.63,76.54,39.28,0.8473,-1,-1,-1
5,3,215.06,251.39,88.67,40.45,0.8700,-1,-1,-1
6,1,1.27,351.17,150.33,65.22,0.9149,-1,-1,-1
6,2,666.35,276.81,77.91,39.75,0.8585,-1,-1,-1
6,3,214.53,251.84,89.36,40.30,0.8766,-1,-1,-1
7,1,0.00,355.31,128.60,66.77,0.9089,-1,-1,-1
7,2,651.60,279.17,79.04,40.18,0.8567,-1,-1,-1
7,3,214.01,252.11,89.77,40.19,0.8777,-1,-1,-1
8,1,0.00,359.23,105.28,68.42,0.8816,-1,-1,-1
8,2,636.75,280.57,80.38,41.21,0.8753,-1,-1,-1
8,3,213.24,252.23,90.77,40.20,0.8769,-1,-1,-1
9,1,0.00,363.39,80.44,61.14,0.9051,-1,-1,-1
9,2,622.15,281.50,82.13,42.62,0.8652,-1,-1,-1
9,3,212.58,252.57,90.95,40.19,0.8800,-1,-1,-1
10,1,0.00,367.73,53.85,58.25,0.8881,-1,-1,-1
10,2,605.75,284.92,84.08,41.93,0.8626,-1,-1,-1
10,3,209.88,252.46,93.08,40.02,0.8641,-1,-1,-1
11,1,0.00,375.69,29.65,53.36,0.7164,-1,-1,-1
11,2,590.97,285.80,84.82,43.83,0.8258,-1,-1,-1
11,3,209.47,252.26,94.03,40.32,0.8746,-1,-1,-1
12,2,575.57,288.44,86.66,43.59,0.8499,-1,-1,-1
12,3,208.82,252.21,94.51,40.51,0.8745,-1,-1,-1
13,2,560.00,289.75,88.20,42.88,0.8333,-1,-1,-1
13,3,207.89,252.75,95.70,40.47,0.8665,-1,-1,-1
14,2,544.02,292.84,89.00,43.53,0.5901,-1,-1,-1
14,3,207.60,252.95,96.19,40.46,0.8700,-1,-1,-1
15,2,528.18,295.37,90.42,44.81,0.3747,-1,-1,-1
15,3,208.07,253.12,95.57,40.39,0.8556,-1,-1,-1
16,2,510.11,298.54,93.48,45.18,0.8587,-1,-1,-1
16,3,207.77,253.29,95.39,40.13,0.8789,-1,-1,-1
17,2,493.35,301.96,94.71,45.15,0.8222,-1,-1,-1
17,3,207.89,253.20,95.27,40.24,0.8870,-1,-1,-1
18,2,475.88,304.16,96.46,45.92,0.8602,-1,-1,-1
18,3,207.32,252.54,95.17,40.30,0.8873,-1,-1,-1
19,2,458.64,305.32,97.92,48.22,0.7395,-1,-1,-1
19,3,206.11,252.53,96.56,40.32,0.8834,-1,-1,-1
20,2,441.72,306.51,96.62,50.57,0.8849,-1,-1,-1
20,3,206.65,253.05,96.35,40.03,0.8790,-1,-1,-1
21,2,424.35,309.75,99.42,50.81,0.8895,-1,-1,-1
21,3,207.19,253.06,96.35,40.28,0.8737,-1,-1,-1
22,2,406.20,312.41,102.41,51.90,0.8942,-1,-1,-1
22,3,207.10,253.28,96.18,40.24,0.8767,-1,-1,-1
23,2,387.43,314.55,105.07,53.80,0.8909,-1,-1,-1
23,3,207.60,253.07,95.70,40.42,0.8494,-1,-1,-1
24,2,368.95,318.28,106.81,54.15,0.8842,-1,-1,-1
24,3,207.31,253.32,96.11,40.29,0.8760,-1,-1,-1
25,2,350.07,320.85,108.66,55.80,0.9034,-1,-1,-1
25,3,207.53,253.53,95.88,40.30,0.8646,-1,-1,-1
26,2,330.25,323.40,110.90,57.83,0.9008,-1,-1,-1
26,3,207.34,253.40,96.00,40.26,0.8737,-1,-1,-1
27,2,309.87,327.52,113.69,57.64,0.8953,-1,-1,-1
27,3,207.15,253.20,95.93,40.29,0.8709,-1,-1,-1
28,2,289.36,331.19,115.76,58.48,0.8960,-1,-1,-1
28,3,206.98,253.21,96.21,40.30,0.8223,-1,-1,-1
29,2,267.49,334.66,118.66,59.18,0.8945,-1,-1,-1
29,3,206.83,253.26,96.35,39.98,0.8793,-1,-1,-1
30,2,246.11,337.64,122.11,61.02,0.9130,-1,-1,-1
30,3,206.40,253.05,96.77,40.25,0.8787,-1,-1,-1
31,2,224.45,340.38,124.98,62.62,0.8881,-1,-1,-1
31,3,206.44,252.75,96.31,40.17,0.8754,-1,-1,-1
32,2,201.26,345.51,128.59,62.59,0.8979,-1,-1,-1
32,3,206.62,252.90,96.33,40.08,0.8578,-1,-1,-1
33,2,177.82,348.23,131.62,65.52,0.9091,-1,-1,-1
33,3,207.16,252.60,95.85,40.25,0.8803,-1,-1,-1
34,2,152.84,353.24,136.60,64.66,0.8976,-1,-1,-1
34,3,207.46,252.48,95.41,40.40,0.8781,-1,-1,-1
35,2,128.58,356.37,140.86,67.84,0.8823,-1,-1,-1
35,3,207.47,252.63,96.04,40.48,0.8723,-1,-1,-1
36,2,102.71,361.47,144.50,68.71,0.8981,-1,-1,-1
36,3,207.45,252.90,96.30,40.38,0.8778,-1,-1,-1
37,2,76.19,366.24,149.66,69.45,0.8865,-1,-1,-1
37,3,206.86,252.94,96.58,40.51,0.8745,-1,-1,-1
38,2,49.16,370.75,153.73,70.59,0.8895,-1,-1,-1
38,3,207.30,252.76,96.24,40.48,0.8785,-1,-1,-1
39,2,20.97,375.74,158.36,72.23,0.9029,-1,-1,-1
39,3,207.51,252.65,96.11,40.63,0.8843,-1,-1,-1
40,2,0.00,379.33,155.53,74.92,0.9049,-1,-1,-1
40,3,207.83,252.83,95.74,40.37,0.8791,-1,-1,-1
41,2,0.00,382.88,130.42,78.21,0.8968,-1,-1,-1
41,3,207.58,252.63,95.51,40.29,0.8831,-1,-1,-1
42,2,0.00,386.71,105.58,80.62,0.8685,-1,-1,-1
42,3,207.42,252.62,95.77,40.10,0.8855,-1,-1,-1
43,2,0.00,393.74,80.27,71.57,0.8722,-1,-1,-1
43,3,207.37,252.30,95.97,40.12,0.8845,-1,-1,-1
44,2,0.00,401.63,51.89,64.16,0.8383,-1,-1,-1
44,3,207.87,252.33,95.76,40.19,0.8833,-1,-1,-1
45,3,208.33,252.64,95.60,40.08,0.8833,-1,-1,-1
46,3,208.27,252.83,95.32,39.92,0.8857,-1,-1,-1
47,3,208.19,252.43,95.40,40.26,0.8853,-1,-1,-1
48,3,207.98,252.28,95.44,40.61,0.8810,-1,-1,-1
49,3,208.03,252.28,95.40,40.61,0.8846,-1,-1,-1
50,3,207.24,251.71,96.07,41.01,0.8697,-1,-1,-1
51,3,207.29,251.39,95.95,40.92,0.8774,-1,-1,-1
52,3,206.88,251.86,96.20,40.77,0.8828,-1,-1,-1
53,3,206.93,252.01,95.93,40.65,0.8770,-1,-1,-1
54,3,207.19,252.22,95.75,40.62,0.8639,-1,-1,-1
54,4,942.05,223.58,17.65,61.96,0.4072,-1,-1,-1
55,3,207.84,252.81,95.69,40.24,0.8726,-1,-1,-1
55,4,937.39,226.78,22.34,59.42,0.4659,-1,-1,-1
55,5,936.45,226.56,23.27,59.36,0.3841,-1,-1,-1
56,3,207.45,253.04,96.20,40.41,0.8835,-1,-1,-1
56,4,932.29,227.43,27.45,59.57,0.8189,-1,-1,-1
57,3,207.29,253.43,96.43,40.29,0.8749,-1,-1,-1
57,4,928.13,226.75,31.62,62.23,0.7509,-1,-1,-1
58,3,207.29,253.91,96.45,40.10,0.8721,-1,-1,-1
58,4,921.90,226.56,37.85,64.93,0.7147,-1,-1,-1
59,3,207.51,253.95,95.48,40.14,0.8811,-1,-1,-1
59,4,915.87,226.64,43.86,67.06,0.8085,-1,-1,-1
60,3,208.02,254.00,94.84,40.19,0.8715,-1,-1,-1
60,4,911.83,226.44,47.92,69.58,0.8772,-1,-1,-1
61,3,207.52,254.26,95.79,40.21,0.8749,-1,-1,-1
61,4,906.94,226.09,52.80,70.90,0.8120,-1,-1,-1
62,3,207.38,254.85,95.70,39.85,0.8658,-1,-1,-1
62,4,901.21,226.46,58.52,71.34,0.8604,-1,-1,-1
63,3,206.28,255.08,96.98,39.84,0.8705,-1,-1,-1
63,4,896.04,228.18,63.69,71.76,0.8642,-1,-1,-1
64,3,206.99,255.18,95.71,40.00,0.8683,-1,-1,-1
64,4,890.38,228.21,69.33,73.81,0.8813,-1,-1,-1
65,3,207.27,255.44,95.42,39.77,0.8786,-1,-1,-1
65,4,884.50,227.69,75.19,75.82,0.8932,-1,-1,-1
66,3,207.54,255.59,95.42,39.83,0.8631,-1,-1,-1
66,4,879.66,227.24,80.04,78.00,0.8978,-1,-1,-1
67,3,207.28,255.53,96.07,39.89,0.8720,-1,-1,-1
67,4,874.00,227.61,85.68,79.05,0.9192,-1,-1,-1
68,3,206.88,255.53,96.61,39.92,0.8769,-1,-1,-1
68,4,868.07,228.13,91.64,79.91,0.9136,-1,-1,-1
69,3,207.09,255.83,96.04,39.80,0.8746,-1,-1,-1
69,4,861.96,227.96,97.78,80.86,0.9120,-1,-1,-1
70,3,207.38,256.19,95.79,39.60,0.8848,-1,-1,-1
70,4,855.48,227.26,104.23,83.81,0.9177,-1,-1,-1
71,3,208.20,256.33,95.24,39.56,0.8933,-1,-1,-1
71,4,848.04,227.60,111.67,85.57,0.9153,-1,-1,-1
72,3,207.91,256.69,96.01,39.47,0.8892,-1,-1,-1
72,4,841.27,228.56,118.40,86.39,0.9099,-1,-1,-1
73,3,207.85,256.78,95.75,39.74,0.8959,-1,-1,-1
73,4,834.45,229.08,125.20,86.97,0.9101,-1,-1,-1
74,3,207.49,256.92,96.06,39.81,0.8978,-1,-1,-1
74,4,827.29,229.46,132.46,88.09,0.8960,-1,-1,-1
75,3,207.87,256.99,96.36,40.08,0.8811,-1,-1,-1
75,4,819.67,230.18,140.01,88.64,0.9175,-1,-1,-1
76,3,207.61,256.90,96.62,39.97,0.8863,-1,-1,-1
76,4,811.37,232.00,148.17,88.58,0.9184,-1,-1,-1
77,3,208.25,256.98,95.53,40.16,0.8797,-1,-1,-1
77,4,803.75,232.27,156.04,89.95,0.9050,-1,-1,-1
78,3,207.10,256.99,96.53,40.23,0.8839,-1,-1,-1
78,4,795.90,233.55,163.57,90.51,0.9173,-1,-1,-1
79,3,207.19,257.06,95.80,40.17,0.8849,-1,-1,-1
79,4,788.45,234.31,167.70,91.89,0.9165,-1,-1,-1
80,3,207.06,256.76,95.50,39.97,0.8941,-1,-1,-1
80,4,779.09,235.10,173.53,93.54,0.9291,-1,-1,-1
81,3,206.78,256.65,95.56,39.83,0.8974,-1,-1,-1
81,4,770.28,235.66,177.20,94.54,0.9264,-1,-1,-1
82,3,207.15,256.68,95.50,39.73,0.8959,-1,-1,-1
82,4,761.48,236.13,181.58,96.14,0.9207,-1,-1,-1
83,3,206.91,256.65,95.57,39.69,0.8923,-1,-1,-1
83,4,752.31,237.29,185.02,97.46,0.9137,-1,-1,-1
84,3,206.92,256.71,96.05,39.40,0.8858,-1,-1,-1
84,4,743.02,238.51,189.12,98.90,0.9196,-1,-1,-1
85,3,206.79,256.25,95.41,39.77,0.8773,-1,-1,-1
85,4,735.14,239.65,190.33,99.74,0.9234,-1,-1,-1
86,3,206.29,256.23,95.97,39.71,0.8829,-1,-1,-1
86,4,726.09,239.90,192.31,101.75,0.9261,-1,-1,-1
86,13,699.99,263.20,37.01,31.00,0.2830,-1,-1,-1
87,3,206.44,256.37,95.88,39.43,0.8933,-1,-1,-1
87,4,717.76,240.73,193.65,102.74,0.9222,-1,-1,-1
87,13,690.69,263.61,37.19,31.07,0.5992,-1,-1,-1
88,3,206.80,255.88,95.71,39.96,0.8788,-1,-1,-1
88,4,706.91,241.56,198.87,103.57,0.9078,-1,-1,-1
88,13,677.96,264.29,42.42,31.16,0.5227,-1,-1,-1
89,3,207.07,255.60,95.58,40.00,0.8742,-1,-1,-1
89,4,696.63,242.60,201.26,104.73,0.9407,-1,-1,-1
89,13,666.04,264.68,43.22,31.81,0.5754,-1,-1,-1
90,3,206.91,255.48,95.57,40.00,0.8767,-1,-1,-1
90,4,686.98,243.16,203.96,107.15,0.9157,-1,-1,-1
90,13,654.30,265.89,45.62,31.78,0.3389,-1,-1,-1
91,3,206.51,255.52,96.13,39.87,0.8738,-1,-1,-1
91,4,676.22,244.88,206.73,107.87,0.9325,-1,-1,-1
91,13,642.60,266.06,54.83,33.08,0.4062,-1,-1,-1
92,3,207.02,255.37,96.05,40.09,0.8852,-1,-1,-1
92,4,664.79,246.24,210.97,108.52,0.9328,-1,-1,-1
92,13,629.51,266.65,59.64,33.75,0.4981,-1,-1,-1
93,3,206.88,255.31,96.54,39.99,0.8716,-1,-1,-1
93,4,654.79,247.06,212.69,110.52,0.9295,-1,-1,-1
93,13,617.59,266.52,66.33,33.82,0.7335,-1,-1,-1
94,3,207.24,255.17,95.43,40.17,0.8839,-1,-1,-1
94,4,642.78,247.60,216.94,113.03,0.9359,-1,-1,-1
94,13,604.91,266.85,71.83,32.99,0.7908,-1,-1,-1
95,3,206.64,255.00,95.85,40.39,0.8697,-1,-1,-1
95,4,632.25,248.21,219.82,115.28,0.9298,-1,-1,-1
95,13,593.17,267.10,73.72,33.42,0.8623,-1,-1,-1
96,3,206.66,255.23,95.32,40.02,0.8644,-1,-1,-1
96,4,622.07,248.88,222.44,118.50,0.9351,-1,-1,-1
96,13,579.09,267.60,79.86,33.80,0.8382,-1,-1,-1
97,3,207.54,255.06,93.41,40.04,0.8754,-1,-1,-1
97,4,609.67,250.27,226.74,119.43,0.9472,-1,-1,-1
97,13,566.25,268.32,83.57,33.92,0.8326,-1,-1,-1
98,3,207.21,255.10,93.61,39.86,0.8605,-1,-1,-1
98,4,597.84,250.96,231.15,121.35,0.9465,-1,-1,-1
98,13,553.87,268.90,85.22,34.22,0.8402,-1,-1,-1
99,3,207.63,255.07,92.31,40.40,0.8535,-1,-1,-1
99,4,585.77,252.28,235.46,123.61,0.9443,-1,-1,-1
99,13,545.13,269.15,85.27,34.79,0.7832,-1,-1,-1
100,3,207.26,254.96,91.83,40.28,0.8605,-1,-1,-1
100,4,573.05,253.12,239.71,125.48,0.9404,-1,-1,-1
100,13,545.83,270.11,75.83,34.47,0.2691,-1,-1,-1
101,3,207.07,254.70,90.39,40.03,0.8559,-1,-1,-1
101,4,558.71,252.26,245.64,129.93,0.9388,-1,-1,-1
101,13,519.70,270.19,90.02,35.54,0.8368,-1,-1,-1
102,3,206.29,254.61,95.23,40.51,0.8481,-1,-1,-1
102,4,546.03,253.71,249.77,131.08,0.9399,-1,-1,-1
102,13,502.10,270.61,96.09,35.65,0.8241,-1,-1,-1
103,3,206.78,254.75,94.60,40.61,0.8678,-1,-1,-1
103,4,531.38,257.45,255.96,130.29,0.9412,-1,-1,-1
103,13,486.81,270.85,99.82,36.25,0.8524,-1,-1,-1
104,3,207.04,254.83,95.40,40.69,0.8573,-1,-1,-1
104,4,517.59,261.73,260.73,130.11,0.9400,-1,-1,-1
104,13,472.91,272.31,101.30,35.57,0.7896,-1,-1,-1
105,3,206.74,254.98,96.25,40.68,0.8418,-1,-1,-1
105,4,503.58,263.89,266.17,131.45,0.9272,-1,-1,-1
105,13,458.22,273.12,88.01,35.64,0.7904,-1,-1,-1
105,17,699.24,252.69,68.66,17.12,0.5620,-1,-1,-1
106,3,207.07,254.46,95.78,40.98,0.8482,-1,-1,-1
106,4,483.84,265.03,276.86,134.49,0.9308,-1,-1,-1
106,13,443.60,273.35,92.22,36.22,0.8618,-1,-1,-1
106,17,686.15,253.50,71.69,17.70,0.4922,-1,-1,-1
106,19,944.24,216.08,15.50,50.14,0.5097,-1,-1,-1
107,3,206.72,254.64,95.83,40.81,0.8544,-1,-1,-1
107,4,470.36,265.03,282.29,138.70,0.9134,-1,-1,-1
107,13,429.94,274.00,102.14,36.72,0.8747,-1,-1,-1
107,17,669.59,254.47,75.90,18.61,0.4231,-1,-1,-1
107,19,942.14,216.99,17.59,50.03,0.5126,-1,-1,-1
108,3,206.83,254.53,95.71,41.14,0.7954,-1,-1,-1
108,4,451.65,266.87,290.68,140.57,0.9175,-1,-1,-1
108,13,416.06,274.56,106.75,37.33,0.8685,-1,-1,-1
108,17,657.62,255.31,76.41,18.03,0.5537,-1,-1,-1
108,19,937.92,225.81,21.84,42.05,0.5444,-1,-1,-1
109,3,206.74,254.63,95.83,40.87,0.8485,-1,-1,-1
109,4,434.33,268.19,298.58,143.89,0.9191,-1,-1,-1
109,13,401.09,274.89,108.57,37.83,0.9024,-1,-1,-1
109,17,644.10,255.98,78.28,17.49,0.5782,-1,-1,-1
109,19,934.24,229.18,25.54,39.44,0.3677,-1,-1,-1
110,3,206.66,254.76,96.04,40.40,0.8633,-1,-1,-1
110,4,416.72,269.12,305.68,147.10,0.9228,-1,-1,-1
110,13,386.95,275.81,108.76,37.82,0.8954,-1,-1,-1
110,17,631.51,256.63,79.18,17.39,0.5322,-1,-1,-1
110,19,928.71,218.80,31.04,50.67,0.5029,-1,-1,-1
111,3,206.50,255.20,95.92,39.58,0.8547,-1,-1,-1
111,4,401.46,271.98,311.34,149.54,0.9131,-1,-1,-1
111,13,372.85,276.89,109.04,37.89,0.9070,-1,-1,-1
111,17,610.51,256.88,88.05,23.70,0.7595,-1,-1,-1
111,19,924.05,215.35,35.72,54.79,0.7311,-1,-1,-1
112,3,206.42,255.13,96.14,39.18,0.8534,-1,-1,-1
112,4,381.72,273.48,320.87,152.15,0.9237,-1,-1,-1
112,13,358.63,277.38,109.36,38.60,0.9113,-1,-1,-1
112,17,593.02,257.08,95.06,25.17,0.6094,-1,-1,-1
112,19,918.45,214.65,41.31,56.26,0.7561,-1,-1,-1
113,3,206.37,254.91,96.45,39.48,0.8743,-1,-1,-1
113,4,363.21,275.05,328.65,155.21,0.9349,-1,-1,-1
113,13,344.61,278.05,109.28,37.91,0.8808,-1,-1,-1
113,17,578.05,257.64,100.93,28.44,0.7383,-1,-1,-1
113,19,913.25,214.70,46.49,57.00,0.8169,-1,-1,-1
114,3,206.42,255.05,96.15,38.53,0.8886,-1,-1,-1
114,4,342.99,276.21,337.40,159.22,0.9349,-1,-1,-1
114,13,329.71,279.45,111.31,36.17,0.8823,-1,-1,-1
114,17,563.19,258.13,103.20,30.52,0.7980,-1,-1,-1
114,19,908.57,214.43,51.17,57.43,0.8372,-1,-1,-1
115,3,207.18,255.12,95.16,38.72,0.8724,-1,-1,-1
115,4,324.02,277.36,346.66,163.02,0.9342,-1,-1,-1
115,13,314.42,280.63,112.70,34.76,0.8845,-1,-1,-1
115,17,551.75,258.70,102.46,30.62,0.8290,-1,-1,-1
115,19,904.59,214.56,55.18,58.03,0.8460,-1,-1,-1
116,3,207.77,255.13,94.83,39.48,0.8624,-1,-1,-1
116,4,305.66,278.27,354.09,167.15,0.9465,-1,-1,-1
116,13,299.06,281.59,113.22,34.12,0.8856,-1,-1,-1
116,17,544.46,259.36,97.11,30.37,0.7612,-1,-1,-1
116,19,900.43,214.55,59.36,58.57,0.8504,-1,-1,-1
117,3,207.32,254.83,95.50,39.94,0.8509,-1,-1,-1
117,4,283.72,279.70,363.84,170.92,0.9473,-1,-1,-1
117,13,283.52,282.19,114.63,35.11,0.8936,-1,-1,-1
117,17,543.07,260.19,83.69,28.83,0.5910,-1,-1,-1
117,19,895.95,214.81,63.84,59.00,0.8678,-1,-1,-1
118,3,206.92,254.90,95.99,39.69,0.8561,-1,-1,-1
118,4,263.93,282.04,372.12,173.65,0.9361,-1,-1,-1
118,13,267.68,282.00,115.33,38.16,0.8858,-1,-1,-1
118,17,515.25,261.48,101.00,31.00,0.8563,-1,-1,-1
118,19,889.57,215.87,70.28,58.78,0.8844,-1,-1,-1
119,3,206.86,254.93,96.13,38.62,0.8192,-1,-1,-1
119,4,243.04,285.15,381.17,175.81,0.9474,-1,-1,-1
119,13,251.80,282.81,116.57,38.76,0.9149,-1,-1,-1
119,17,496.21,262.36,106.73,32.38,0.8114,-1,-1,-1
119,19,884.50,216.27,75.02,58.87,0.8728,-1,-1,-1
120,3,206.90,255.44,96.11,37.00,0.8527,-1,-1,-1
120,4,221.07,288.05,391.66,179.47,0.9468,-1,-1,-1
120,13,236.34,283.96,117.41,39.24,0.9121,-1,-1,-1
120,17,479.83,263.30,109.34,33.36,0.7862,-1,-1,-1
120,19,878.90,216.89,77.98,59.03,0.8747,-1,-1,-1
121,3,207.22,255.80,95.70,35.97,0.8474,-1,-1,-1
121,4,199.37,290.19,400.65,183.58,0.9504,-1,-1,-1
121,13,219.99,285.25,118.35,41.05,0.9103,-1,-1,-1
121,17,464.70,264.28,110.81,35.52,0.7015,-1,-1,-1
121,19,873.37,217.46,79.43,59.26,0.8711,-1,-1,-1
122,3,207.06,255.73,96.16,35.95,0.8393,-1,-1,-1
122,4,176.09,292.34,411.74,187.22,0.9407,-1,-1,-1
122,13,204.00,286.52,117.72,42.34,0.8924,-1,-1,-1
122,17,449.76,264.86,112.04,37.66,0.8305,-1,-1,-1
122,19,868.06,218.08,80.50,59.41,0.8636,-1,-1,-1
123,3,207.18,255.83,96.13,36.66,0.8357,-1,-1,-1
123,4,151.76,295.82,422.04,190.62,0.9484,-1,-1,-1
123,13,186.88,287.46,119.09,43.08,0.9081,-1,-1,-1
123,17,435.39,265.57,106.63,39.03,0.8228,-1,-1,-1
123,19,862.71,218.43,80.37,59.54,0.8602,-1,-1,-1
124,3,207.01,255.68,96.00,38.43,0.8708,-1,-1,-1
124,4,126.98,298.52,434.23,195.05,0.9535,-1,-1,-1
124,13,169.71,288.36,121.10,43.70,0.9106,-1,-1,-1
124,17,420.82,265.95,111.26,41.03,0.8770,-1,-1,-1
124,19,856.64,218.83,81.66,60.05,0.8771,-1,-1,-1
125,3,207.26,255.51,95.50,39.40,0.8653,-1,-1,-1
125,4,100.31,300.38,447.01,201.28,0.9473,-1,-1,-1
125,13,152.92,289.68,121.50,44.19,0.9129,-1,-1,-1
125,17,406.14,266.92,115.00,42.63,0.8957,-1,-1,-1
125,19,851.87,219.07,81.15,60.20,0.8855,-1,-1,-1
126,3,206.21,255.11,96.64,40.08,0.8624,-1,-1,-1
126,4,73.00,303.13,459.78,206.01,0.9450,-1,-1,-1
126,13,134.53,291.12,123.58,44.49,0.9013,-1,-1,-1
126,17,391.74,267.61,115.29,44.16,0.9066,-1,-1,-1
126,19,845.76,219.29,82.17,61.06,0.8707,-1,-1,-1
127,3,207.16,255.31,95.82,39.94,0.8846,-1,-1,-1
127,4,45.29,305.52,474.13,211.84,0.9335,-1,-1,-1
127,13,117.51,292.53,124.05,44.84,0.9131,-1,-1,-1
127,17,377.60,268.21,116.63,45.98,0.8942,-1,-1,-1
127,19,838.96,219.59,84.27,61.22,0.8824,-1,-1,-1
128,3,207.46,255.61,95.97,39.80,0.8862,-1,-1,-1
128,4,18.23,307.59,486.93,217.87,0.9471,-1,-1,-1
128,13,99.05,294.32,126.08,44.91,0.9028,-1,-1,-1
128,17,362.70,268.70,118.21,47.16,0.8996,-1,-1,-1
128,19,832.38,219.69,85.86,61.91,0.8978,-1,-1,-1
129,3,207.76,255.70,95.56,39.81,0.8676,-1,-1,-1
129,4,0.00,310.98,490.19,223.04,0.9572,-1,-1,-1
129,13,81.09,295.29,127.85,46.05,0.9153,-1,-1,-1
129,17,347.21,269.58,119.02,47.46,0.9024,-1,-1,-1
129,19,825.17,219.93,88.44,62.27,0.8754,-1,-1,-1
130,3,208.25,255.81,94.77,39.60,0.8495,-1,-1,-1
130,4,0.00,313.13,474.16,225.55,0.9627,-1,-1,-1
130,13,61.71,296.82,130.08,46.23,0.8996,-1,-1,-1
130,17,332.38,270.51,121.42,47.25,0.8857,-1,-1,-1
130,19,818.80,220.54,88.86,62.41,0.8670,-1,-1,-1
131,3,208.34,256.08,95.06,39.40,0.8776,-1,-1,-1
131,4,0.00,315.91,459.25,224.09,0.9607,-1,-1,-1
131,13,42.29,298.82,132.65,46.78,0.9136,-1,-1,-1
131,17,317.30,271.46,121.59,46.75,0.8967,-1,-1,-1
131,19,814.13,220.86,87.68,63.02,0.8785,-1,-1,-1
132,3,208.37,256.10,94.70,39.49,0.8822,-1,-1,-1
132,4,0.00,319.83,442.20,220.17,0.9716,-1,-1,-1
132,13,23.88,300.62,132.76,46.91,0.9174,-1,-1,-1
132,17,301.10,272.38,123.75,47.71,0.8892,-1,-1,-1
132,19,807.58,221.08,88.76,63.74,0.8777,-1,-1,-1
133,3,208.02,256.07,94.97,39.69,0.8759,-1,-1,-1
133,4,0.00,322.62,425.22,217.38,0.9588,-1,-1,-1
133,13,4.82,302.22,134.03,47.54,0.9186,-1,-1,-1
133,17,285.38,273.41,124.88,47.05,0.8935,-1,-1,-1
133,19,800.76,221.69,89.49,63.99,0.8732,-1,-1,-1
134,3,208.07,256.14,94.51,39.66,0.8704,-1,-1,-1
134,4,0.00,325.07,407.34,214.93,0.9649,-1,-1,-1
134,13,0.00,303.01,120.74,48.78,0.9167,-1,-1,-1
134,17,269.95,274.41,124.59,47.33,0.8803,-1,-1,-1
134,19,792.89,222.04,91.14,64.32,0.8551,-1,-1,-1
135,3,208.21,256.17,94.23,39.43,0.8679,-1,-1,-1
135,4,0.00,327.69,389.25,211.87,0.9622,-1,-1,-1
135,13,0.00,304.26,102.74,49.39,0.9193,-1,-1,-1
135,17,253.59,275.95,126.99,46.26,0.9091,-1,-1,-1
135,19,785.60,222.82,92.62,64.36,0.8677,-1,-1,-1
136,3,207.81,256.36,94.37,38.73,0.8586,-1,-1,-1
136,4,0.00,330.13,371.77,209.87,0.9659,-1,-1,-1
136,13,0.00,304.48,83.81,50.97,0.9100,-1,-1,-1
136,17,237.94,276.77,126.34,47.38,0.8968,-1,-1,-1
136,19,778.77,223.36,93.64,64.35,0.8747,-1,-1,-1
137,3,206.50,256.48,95.63,34.87,0.8195,-1,-1,-1
137,4,0.00,334.26,353.29,205.74,0.9599,-1,-1,-1
137,13,0.00,309.10,65.48,45.05,0.8848,-1,-1,-1
137,17,221.57,277.68,127.24,49.17,0.8926,-1,-1,-1
137,19,770.18,223.73,96.00,64.95,0.8705,-1,-1,-1
138,3,217.30,256.57,84.96,32.82,0.7559,-1,-1,-1
138,4,0.00,337.49,333.33,202.51,0.9579,-1,-1,-1
138,13,0.00,312.17,47.45,41.93,0.8515,-1,-1,-1
138,17,204.79,279.40,128.47,50.17,0.9116,-1,-1,-1
138,19,764.00,224.25,96.05,65.23,0.8687,-1,-1,-1
138,27,708.75,505.16,133.85,33.87,0.6513,-1,-1,-1
139,3,219.20,256.82,82.76,31.40,0.8031,-1,-1,-1
139,4,0.00,341.58,314.39,198.21,0.9604,-1,-1,-1
139,13,0.00,315.84,28.85,39.25,0.7116,-1,-1,-1
139,17,188.74,280.37,130.65,51.23,0.8915,-1,-1,-1
139,19,757.74,224.77,96.26,65.53,0.8569,-1,-1,-1
139,27,714.49,499.64,136.57,39.80,0.6952,-1,-1,-1
140,3,217.95,256.64,84.56,30.33,0.8036,-1,-1,-1
140,4,0.00,344.42,293.93,194.65,0.9663,-1,-1,-1
140,17,170.99,280.76,131.76,52.64,0.9049,-1,-1,-1
140,19,750.73,225.60,96.92,65.37,0.8656,-1,-1,-1
140,27,719.84,494.54,140.55,45.34,0.8295,-1,-1,-1
141,3,216.18,256.50,86.44,36.10,0.8395,-1,-1,-1
141,4,0.00,349.32,273.12,189.33,0.9559,-1,-1,-1
141,17,154.18,281.45,133.85,53.87,0.9142,-1,-1,-1
141,19,742.89,225.86,97.93,65.84,0.8643,-1,-1,-1
141,27,731.39,488.62,138.16,51.38,0.8896,-1,-1,-1
142,3,214.84,256.42,88.25,38.59,0.8627,-1,-1,-1
142,4,0.00,353.95,251.88,184.28,0.9561,-1,-1,-1
142,17,136.70,282.17,135.81,55.18,0.9123,-1,-1,-1
142,19,735.25,226.19,98.79,66.04,0.8597,-1,-1,-1
142,27,742.73,482.81,135.30,57.19,0.8947,-1,-1,-1
143,3,212.38,256.46,91.14,39.44,0.8715,-1,-1,-1
143,4,0.00,357.57,228.73,179.99,0.9472,-1,-1,-1
143,17,119.18,283.46,136.83,55.34,0.9023,-1,-1,-1
143,19,726.70,226.83,100.59,66.03,0.8397,-1,-1,-1
143,27,753.49,477.21,133.41,62.59,0.8918,-1,-1,-1
144,3,211.25,256.49,92.29,39.96,0.8853,-1,-1,-1
144,4,0.00,362.27,206.02,176.82,0.9570,-1,-1,-1
144,17,101.94,284.44,137.25,55.79,0.8958,-1,-1,-1
144,19,718.75,227.09,101.60,66.55,0.8001,-1,-1,-1
144,27,764.53,472.35,130.12,66.86,0.9040,-1,-1,-1
145,3,209.49,256.53,94.06,40.02,0.8887,-1,-1,-1
145,4,0.00,366.50,181.91,173.36,0.9315,-1,-1,-1
145,17,82.74,285.22,139.91,57.06,0.8933,-1,-1,-1
145,19,709.68,227.70,104.24,66.58,0.8551,-1,-1,-1
145,27,774.58,467.29,127.71,71.95,0.8917,-1,-1,-1
146,3,208.26,256.62,95.56,40.11,0.8785,-1,-1,-1
146,4,0.00,371.18,158.31,168.82,0.9502,-1,-1,-1
146,17,65.26,286.21,141.75,58.04,0.8962,-1,-1,-1
146,19,700.95,227.77,106.60,66.95,0.8358,-1,-1,-1
146,27,784.95,462.04,124.89,77.54,0.9134,-1,-1,-1
147,3,207.51,256.51,95.98,39.95,0.8707,-1,-1,-1
147,4,0.27,374.79,131.21,162.59,0.8195,-1,-1,-1
147,17,47.07,287.10,142.73,58.73,0.9063,-1,-1,-1
147,19,692.74,228.19,106.96,67.13,0.8698,-1,-1,-1
147,27,793.92,456.86,122.66,82.80,0.9096,-1,-1,-1
148,3,208.19,256.55,95.37,40.00,0.8716,-1,-1,-1
148,4,0.32,379.86,104.44,158.24,0.8904,-1,-1,-1
148,17,29.94,288.11,143.05,59.68,0.9061,-1,-1,-1
148,19,684.77,228.42,107.90,67.61,0.8578,-1,-1,-1
148,27,804.00,451.80,120.14,86.90,0.9180,-1,-1,-1
149,3,208.73,256.59,95.34,40.13,0.8500,-1,-1,-1
149,4,0.58,385.03,79.45,150.77,0.7632,-1,-1,-1
149,17,11.04,289.28,144.92,60.86,0.9101,-1,-1,-1
149,19,676.62,228.61,108.85,68.25,0.8793,-1,-1,-1
149,27,813.47,447.75,117.44,86.76,0.9153,-1,-1,-1
150,3,208.29,256.63,96.02,40.36,0.8753,-1,-1,-1
150,4,0.46,393.36,50.87,142.63,0.5066,-1,-1,-1
150,17,0.00,291.61,138.90,60.96,0.9135,-1,-1,-1
150,19,668.68,228.58,108.81,69.12,0.8845,-1,-1,-1
150,27,822.38,443.09,115.60,86.92,0.9198,-1,-1,-1
151,3,208.43,256.84,95.19,39.85,0.8853,-1,-1,-1
151,17,0.00,293.00,121.23,61.04,0.9062,-1,-1,-1
151,19,659.30,228.92,109.44,69.83,0.8866,-1,-1,-1
151,27,830.16,439.61,113.60,85.17,0.9033,-1,-1,-1
152,3,208.03,256.69,95.47,40.09,0.8702,-1,-1,-1
152,17,0.00,294.14,103.14,61.55,0.8940,-1,-1,-1
152,19,649.64,229.64,111.06,69.71,0.8954,-1,-1,-1
152,27,838.12,435.26,111.19,83.70,0.9071,-1,-1,-1
153,3,207.20,256.81,96.53,40.16,0.8879,-1,-1,-1
153,17,0.00,295.81,85.37,58.18,0.8961,-1,-1,-1
153,19,640.46,230.00,112.68,69.88,0.8950,-1,-1,-1
153,27,846.53,431.38,108.62,82.01,0.9139,-1,-1,-1
154,3,207.66,256.65,95.82,40.58,0.8577,-1,-1,-1
154,17,0.00,297.51,67.53,56.35,0.8840,-1,-1,-1
154,19,630.61,230.44,114.26,70.02,0.8945,-1,-1,-1
154,27,853.90,426.75,106.10,80.60,0.9041,-1,-1,-1
155,3,207.81,256.93,95.54,40.59,0.8780,-1,-1,-1
155,17,0.00,299.67,49.52,55.40,0.8900,-1,-1,-1
155,19,621.48,230.79,115.01,70.47,0.8920,-1,-1,-1
155,27,861.82,423.06,98.18,78.33,0.9190,-1,-1,-1
156,3,208.42,257.12,95.20,40.59,0.8853,-1,-1,-1
156,17,0.00,301.48,32.36,56.05,0.8546,-1,-1,-1
156,19,611.10,231.43,117.02,70.66,0.8942,-1,-1,-1
156,27,868.98,419.30,91.02,77.73,0.9010,-1,-1,-1
157,3,208.24,257.26,95.77,40.58,0.8856,-1,-1,-1
157,17,0.00,305.59,11.70,45.49,0.6279,-1,-1,-1
157,19,601.44,232.00,118.87,70.63,0.8938,-1,-1,-1
157,27,875.41,416.05,84.59,75.70,0.9105,-1,-1,-1
158,3,207.65,257.58,96.66,40.48,0.8799,-1,-1,-1
158,19,591.70,232.73,119.96,71.01,0.8709,-1,-1,-1
158,27,882.17,411.99,77.83,75.04,0.8861,-1,-1,-1
159,3,207.18,257.47,96.48,40.61,0.8963,-1,-1,-1
159,19,581.82,232.85,119.47,72.09,0.8828,-1,-1,-1
159,27,887.97,408.97,72.03,72.11,0.8851,-1,-1,-1
160,3,207.32,257.47,96.02,40.57,0.8831,-1,-1,-1
160,19,569.87,233.18,122.09,72.39,0.8802,-1,-1,-1
160,27,895.31,405.17,64.69,69.72,0.8985,-1,-1,-1
161,3,208.17,257.38,95.10,40.70,0.8955,-1,-1,-1
161,19,558.08,233.30,124.69,73.06,0.8661,-1,-1,-1
161,27,901.05,401.21,58.95,68.01,0.8845,-1,-1,-1
162,3,207.97,257.59,95.32,40.65,0.8975,-1,-1,-1
162,19,548.63,233.42,124.59,73.23,0.8791,-1,-1,-1
162,27,907.07,398.96,52.93,65.82,0.8811,-1,-1,-1
163,3,207.76,257.70,95.66,40.68,0.8955,-1,-1,-1
163,19,542.22,233.83,121.72,73.73,0.8733,-1,-1,-1
163,27,912.65,396.18,47.35,64.64,0.8822,-1,-1,-1
164,3,206.95,257.70,96.32,40.71,0.8984,-1,-1,-1
164,19,529.21,234.25,124.94,74.87,0.8825,-1,-1,-1
164,27,918.65,393.34,41.35,63.71,0.8781,-1,-1,-1
165,3,206.73,257.76,96.30,40.73,0.8937,-1,-1,-1
165,19,517.72,235.16,126.28,74.82,0.8833,-1,-1,-1
165,27,924.35,390.09,35.65,62.48,0.8649,-1,-1,-1
166,3,206.13,257.81,97.07,40.70,0.8999,-1,-1,-1
166,19,506.03,235.62,127.91,75.24,0.8845,-1,-1,-1
166,27,929.78,387.35,30.19,60.70,0.8398,-1,-1,-1
167,3,206.13,257.65,96.71,40.68,0.9000,-1,-1,-1
167,19,494.63,236.18,128.72,75.04,0.8875,-1,-1,-1
167,27,934.71,384.06,25.21,60.94,0.7926,-1,-1,-1
168,3,204.00,257.67,98.67,40.54,0.8725,-1,-1,-1
168,19,482.54,236.82,130.34,75.07,0.8667,-1,-1,-1
168,27,939.40,382.73,20.46,57.72,0.8063,-1,-1,-1
169,3,205.51,257.84,97.01,40.48,0.8959,-1,-1,-1
169,19,471.59,238.00,131.38,74.57,0.8992,-1,-1,-1
169,27,945.28,384.83,14.54,52.62,0.6315,-1,-1,-1
170,3,206.19,257.88,96.47,40.49,0.8991,-1,-1,-1
170,19,460.99,238.52,131.74,75.02,0.8669,-1,-1,-1
170,27,950.23,389.41,9.55,43.61,0.6585,-1,-1,-1
171,3,206.42,257.79,95.80,40.43,0.8965,-1,-1,-1
171,19,448.42,238.63,133.68,75.75,0.8900,-1,-1,-1
172,3,206.88,257.73,95.44,40.37,0.8718,-1,-1,-1
172,19,436.95,239.03,135.23,76.14,0.8838,-1,-1,-1
173,3,207.00,257.56,94.98,40.51,0.8873,-1,-1,-1
173,19,425.02,239.53,135.93,75.96,0.8915,-1,-1,-1
174,3,207.23,257.52,95.01,40.63,0.8924,-1,-1,-1
174,19,414.09,240.17,132.34,76.47,0.8385,-1,-1,-1
175,3,206.98,257.50,95.50,40.54,0.8630,-1,-1,-1
175,19,402.15,240.27,135.02,76.72,0.8958,-1,-1,-1
176,3,206.67,257.33,95.83,40.52,0.8949,-1,-1,-1
176,19,391.23,240.47,135.93,77.35,0.9027,-1,-1,-1
177,3,206.77,257.53,95.96,40.29,0.8870,-1,-1,-1
177,19,381.75,240.44,134.90,78.05,0.9246,-1,-1,-1
178,3,206.99,257.52,95.70,40.30,0.8933,-1,-1,-1
178,19,368.93,240.32,137.80,79.20,0.9178,-1,-1,-1
179,3,207.24,257.29,95.54,40.37,0.8800,-1,-1,-1
179,19,357.00,240.50,138.46,79.88,0.9085,-1,-1,-1
180,3,205.96,256.83,96.46,40.36,0.8923,-1,-1,-1
180,19,345.37,240.64,138.62,78.77,0.8963,-1,-1,-1
181,3,206.32,256.74,96.01,40.16,0.8990,-1,-1,-1
181,19,333.30,240.74,140.17,77.72,0.8937,-1,-1,-1
182,3,206.49,256.51,95.61,40.15,0.8839,-1,-1,-1
182,19,320.91,240.73,141.64,77.57,0.9046,-1,-1,-1
183,3,206.80,256.44,96.30,40.13,0.9017,-1,-1,-1
183,19,309.54,240.67,142.18,77.66,0.8860,-1,-1,-1
184,3,207.87,256.69,95.69,39.76,0.8971,-1,-1,-1
184,19,298.39,241.36,143.04,78.13,0.9096,-1,-1,-1
185,3,208.13,257.00,94.86,39.75,0.8500,-1,-1,-1
185,19,287.55,242.22,143.39,78.68,0.9023,-1,-1,-1
186,3,207.81,256.94,92.65,39.99,0.8823,-1,-1,-1
186,19,276.50,242.99,143.45,78.34,0.9063,-1,-1,-1
187,3,208.27,256.51,89.09,38.95,0.8440,-1,-1,-1
187,19,264.66,243.72,144.65,78.36,0.9268,-1,-1,-1
188,3,208.68,256.73,85.27,38.13,0.7091,-1,-1,-1
188,19,253.27,244.16,145.03,79.01,0.9003,-1,-1,-1
189,3,207.54,256.98,84.74,37.57,0.6586,-1,-1,-1
189,19,240.52,244.67,147.42,79.86,0.8589,-1,-1,-1
190,3,207.52,257.53,77.18,36.82,0.6211,-1,-1,-1
190,19,228.40,245.48,148.34,81.21,0.8997,-1,-1,-1
